0.522934 0.975396 0.0770184
0.522939 0.975397 0.0763764
0.522945 0.975397 0.0758384
0.533995 0.975271 0.0734564
1.16293 1.01355 0.0695744
1.21782 1.01727 -0.0217076
1.22235 1.01388 -0.81898
1.21455 1.03298 -1.43452
1.21811 1.0558 -2.04805
1.2338 1.07148 -2.68612
1.24647 1.07457 2.98253
1.25089 1.07221 2.30825
1.2508 1.07321 1.65878
1.255 1.09111 0.999283
1.27471 1.10735 0.391044
1.28356 1.10865 -0.133884
1.58125 1.07123 -0.152576
2.19196 0.970657 -0.183804
2.82604 0.855737 -0.193981
3.4667 0.706814 -0.242557
4.01777 0.592318 -0.233791
4.6048 0.510143 -0.119851
5.20064 0.438196 -0.101531
5.87974 0.467976 0.00621457
6.53005 0.461996 -0.0518523
7.19778 0.45994 -0.0511425
7.8157 0.378443 -0.091385
8.47604 0.34526 -0.0753992
9.09167 0.309801 -0.0798064
9.49125 0.286552 -0.0491499
9.5407 0.302324 -0.58133
9.64329 0.165 -0.849901
10.0428 -0.323907 -0.86881
10.4601 -0.814111 -0.819246
10.9064 -1.28136 -0.799551
11.363 -1.73518 -0.766846
11.8275 -2.18554 -0.777039
12.1333 -2.47488 -0.771109
12.1369 -2.46152 -1.09585
12.1439 -2.43855 -1.26925
12.3346 -2.98867 -1.2539
12.5508 -3.55688 -1.28792
12.7169 -4.10726 -1.31261
12.8645 -4.65996 -1.35487
13.0198 -5.23938 -1.39389
13.1248 -5.86265 -1.45013
13.2071 -6.49497 -1.47025
13.302 -7.10797 -1.51277
13.3712 -7.74886 -1.52018
13.3882 -8.39616 -1.57197
13.4015 -8.97627 -1.61749
13.3838 -9.62485 -1.64659
13.3794 -10.2115 -1.72359
13.3312 -10.8033 -1.7116
13.2373 -11.3551 -1.77413
13.2547 -11.3151 -1.76927
13.2525 -11.3179 -1.75911
13.1686 -11.9562 -1.77106
13.0448 -12.5909 -1.72546
12.9907 -13.2244 -1.74981
12.8721 -13.8271 -1.72921
12.8229 -14.4734 -1.78096
12.6977 -15.0757 -1.74194
12.585 -15.6764 -1.77799
12.4724 -16.2337 -1.71521
12.3617 -16.8293 -1.76708
12.2669 -17.4272 -1.77532
12.1357 -18.0806 -1.77389
12.0653 -18.5187 -1.7897
12.0692 -18.5067 -1.94468
12.085 -18.4955 -2.61918
12.1102 -18.4775 3.02121
12.1086 -18.4873 3.01174
12.1006 -18.4887 2.94681
12.0911 -18.4799 2.32494
12.095 -18.4863 1.9726
12.0741 -18.4593 2.6664
12.0558 -18.4583 2.89938
11.7767 -18.5146 -3.04663
11.1376 -18.5839 -3.05182
10.4884 -18.6072 -3.12625
9.84593 -18.6084 3.13105
9.24637 -18.5996 3.07513
8.66796 -18.5904 3.04969
8.10372 -18.5312 2.96991
7.58268 -18.4367 2.97574
6.97535 -18.3806 2.885
6.50123 -18.249 2.83622
6.17664 -18.1425 2.80577
6.15318 -18.1907 -3.08199
5.49888 -18.2267 -3.11332
4.89495 -18.2303 -3.06454
4.30128 -18.2908 3.10283
3.60623 -18.2393 3.00209
2.99775 -18.1001 2.95937
2.28036 -18.0553 3.10193
1.57103 -18.0341 3.12572
0.893363 -18.013 3.05451
0.211265 -17.9424 2.99568
-0.563241 -17.8532 3.04127
-1.16846 -17.7833 2.98796
-1.85313 -17.7767 3.08901
-2.36219 -17.7553 2.9827
-2.93948 -17.6352 3.07815
-3.61704 -17.6113 3.04412
-4.29972 -17.6537 3.09118
-4.80228 -17.6161 3.03686
-5.35328 -17.5388 3.03352
-5.8098 -17.5171 3.09529
-5.83068 -17.5652 2.64709
-5.90355 -17.5121 2.05608
-5.9231 -17.4794 1.55045
-5.8792 -16.8524 1.60506
-5.92194 -16.2274 1.65232
-5.9892 -15.5947 1.68935
-6.13577 -14.8753 1.74701
-6.35641 -14.05 1.79222
-6.52229 -13.35 1.8911
-6.66015 -13.2793 1.56484
-6.63146 -12.544 1.51923
-6.60407 -11.7193 1.61998
-6.71946 -10.9918 1.70087
-6.82618 -10.3647 1.75681
-6.93033 -9.95926 1.74299
-6.92694 -9.77257 1.31565
-6.8209 -9.12199 1.30206
-6.72479 -8.55664 1.50331
-6.68797 -7.93503 1.50017
-6.62626 -7.30633 1.53383
-6.55101 -6.68962 1.49732
-6.48212 -6.04524 1.54492
-6.42701 -5.41015 1.62677
-6.38712 -4.75824 1.56977
-6.37822 -4.10167 1.5362
-6.36921 -3.40864 1.51818
-6.3382 -2.77927 1.48912
-6.31451 -2.05415 1.50288
-6.27027 -1.36287 1.45099
-6.23522 -0.63342 1.51681
-6.22487 -0.204021 1.58534
-6.24766 0.245168 1.619
-6.25593 0.679856 1.57394
-6.2622 1.12474 1.57334
-6.2121 1.56917 1.46694
-6.19679 1.74174 1.488
-6.24421 1.58517 0.99704
-6.27356 1.40069 0.412079
-6.15555 1.39651 -0.0672118
-5.64784 1.34797 -0.0989351
-4.9299 1.27441 -0.0694154
-4.23041 1.23717 -0.0503241
-3.53405 1.22279 0.0416986
-2.88653 1.23341 -0.0152079
-2.23912 1.24965 0.0823333
-1.5931 1.27963 0.0168595
-0.943631 1.30079 0.054099
-0.298418 1.34432 0.0886546
0.287008 1.37886 0.0283577
0.477183 1.39974 0.044222
0.489111 1.41542 0.988178
0.463257 1.40693 1.97846
0.443554 1.37007 2.91162
0.43249 1.38484 -2.38103
0.427253 1.34232 -1.42751
0.343454 1.42574 -0.439838
0.514564 1.42822 -0.00701699
1.23212 1.45608 0.00745913
1.83751 1.457 -0.0214994
2.41187 1.45641 -0.00929775
2.99364 1.4348 -0.0462474
3.56627 1.41588 -0.0670982
4.11243 1.36621 -0.105826
4.72373 1.31267 -0.0923746
5.3587 1.24427 -0.114451
5.98683 1.18109 -0.0738162
6.60567 1.13591 -0.0983835
7.21457 1.07177 -0.0888267
7.85024 1.02194 -0.116767
8.47631 0.92741 -0.156327
8.98867 0.824551 -0.10356
9.13777 0.764319 -0.548547
9.60353 0.485524 -0.60275
10.0097 0.207157 -0.780017
10.3233 -0.0805572 -0.83972
10.66 -0.549944 -0.985827
10.9565 -1.03619 -1.07805
11.212 -1.54472 -1.14415
11.4476 -2.03072 -1.16648
11.7321 -2.56823 -1.17146
12.0009 -3.07431 -1.19766
12.2391 -3.66015 -1.2273
12.4734 -4.26273 -1.25242
12.6982 -4.84637 -1.28207
12.9036 -5.40937 -1.33944
13.0648 -5.97303 -1.36792
13.2081 -6.53557 -1.39838
13.3365 -7.17461 -1.43946
13.444 -7.81244 -1.4674
13.5249 -8.43759 -1.52619
13.5553 -9.07156 -1.58836
13.5584 -9.71932 -1.61102
13.5158 -10.3505 -1.66856
13.5065 -10.8198 -1.64948
13.5005 -11.5831 -1.70371
13.4167 -12.1913 -1.80625
13.294 -12.7876 -1.81617
13.1917 -13.3482 -1.81478
13.0634 -13.9473 -1.79933
12.9536 -14.598 -1.8093
12.8205 -15.2081 -1.77158
12.6938 -15.8338 -1.78071
12.5919 -16.4633 -1.77868
12.4357 -17.0808 -1.83178
12.284 -17.685 -1.85276
12.1085 -18.2818 -1.85674
12.0153 -18.6273 -1.8927
12.0396 -18.6352 -2.39212
12.0726 -18.6213 -2.93514
12.0873 -18.6426 -2.99131
11.513 -18.6205 3.12315
10.9056 -18.5857 3.08315
10.2456 -18.5341 3.13295
9.60543 -18.5404 3.10716
8.98024 -18.5539 -3.07959
8.35233 -18.5917 -3.10497
7.71874 -18.6272 -3.0545
7.07184 -18.6355 -3.10264
6.43288 -18.7569 -2.94672
5.89478 -18.7547 2.97423
5.42763 -18.7441 3.09489
5.1645 -18.7148 3.06548
5.40365 -18.7826 3.13405
5.02967 -18.6345 2.70839
4.39884 -18.3845 2.81024
3.75703 -18.2069 2.76555
3.46637 -18.1511 2.76
3.10716 -18.1576 -3.11779
2.43827 -18.2408 -3.04806
1.80271 -18.3235 -3.0815
1.12686 -18.3326 3.13332
0.516849 -18.2646 2.91447
-0.0721521 -18.1311 2.99908
-0.714103 -18.103 3.03702
-1.33964 -18.0654 3.03558
-1.977 -18.0634 3.1065
-2.62347 -18.0542 3.05214
-3.2473 -18.0091 2.97953
-3.88299 -17.9529 3.08526
-4.42168 -17.9613 3.11745
-4.35913 -17.9575 -2.97208
-4.37259 -17.9703 2.72204
-4.70835 -17.6825 2.2984
-5.05526 -17.2608 2.30771
-5.43828 -16.8924 2.29749
-5.75147 -16.4681 2.25706
-5.82807 -16.3952 2.34175
-5.82214 -16.3578 1.86123
-5.94442 -15.8607 1.74094
-6.01563 -15.2535 1.81244
-6.30498 -14.5659 1.85306
-6.52784 -13.9631 1.84604
-6.55932 -13.813 1.53773
-6.52256 -13.0148 1.54732
-6.51223 -12.2303 1.56474
-6.5425 -11.5414 1.66771
-6.69572 -10.77 1.69448
-6.67887 -10.0114 1.57454
-6.74561 -9.2547 1.54647
-6.65184 -8.64259 1.43623
-6.64396 -8.03095 1.46434
-6.60935 -7.43147 1.57478
-6.62466 -6.80283 1.4579
-6.61523 -6.14853 1.51554
-6.63741 -5.45971 1.72644
-6.7497 -4.70051 1.74804
-6.74678 -4.07433 1.57185
-6.75771 -3.42184 1.6807
-6.84056 -2.76925 1.64885
-6.81682 -2.12427 1.55147
-6.77638 -1.62378 1.49372
-6.71159 -1.12012 1.49419
-6.62712 -0.607808 1.39259
-6.51654 -0.0912173 1.43209
-6.43721 0.412818 1.42454
-6.33836 0.913543 1.45264
-6.29371 1.3669 1.47834
-6.25303 1.79118 1.53716
-6.25814 1.63496 1.43852
-6.31957 1.51511 0.841235
-6.33526 1.50617 0.258742
-5.80197 1.51954 0.0411168
-5.0909 1.54453 0.0606222
-4.46295 1.56304 0.00720244
-3.82225 1.55691 -0.0145403
-3.18393 1.54432 -0.01236
-2.54043 1.50377 -0.12275
-1.89167 1.39729 -0.166079
-1.24394 1.28477 -0.175626
-0.631146 1.18639 -0.174361
-0.0569149 1.08423 -0.111493
0.543806 1.05226 -0.0681933
1.11383 1.00454 -0.126708
1.41491 0.967281 -0.147271
1.39148 0.974858 -0.14279
1.89441 0.906719 -0.133286
2.53096 0.919575 0.0499724
3.15011 0.960101 0.0313779
3.78131 0.964421 -0.00590597
4.40168 0.952474 -0.062135
5.02983 0.943196 0.0300658
5.64831 0.963182 -0.0065223
5.92073 0.959482 0.167643
5.9168 0.956636 1.15447
5.9035 1.18679 1.64909
5.83407 1.82302 1.68819
5.75553 2.4594 1.6832
5.66774 3.09342 1.73284
5.56114 3.72527 1.74125
5.41834 4.34854 1.83403
5.3163 4.68338 1.90372
5.31801 4.69008 2.86671
5.31875 4.68968 -2.38269
5.31867 4.68998 -1.39215
5.33732 4.67375 -0.405368
5.35219 4.66917 0.250559
5.3667 4.66994 -0.280461
5.39162 4.65426 -0.879323
5.39522 4.63337 -1.50647
5.40319 3.99322 -1.55462
5.40175 3.35911 -1.62058
5.36352 2.73635 -1.65006
5.31592 2.10847 -1.6748
5.2423 1.49201 -1.70396
5.21847 1.33372 -1.65056
5.25532 1.34239 -0.63705
5.31026 1.33388 0.318546
5.34679 1.35359 1.22602
5.34976 1.37681 2.16999
5.35295 1.3758 -3.13003
5.38723 1.41246 -2.08658
5.37619 1.43444 -1.07313
5.49723 1.37642 -0.443511
6.09714 1.11686 -0.343391
6.69117 0.961341 -0.211775
7.29412 0.824216 -0.221193
7.53533 0.772186 -0.248038
7.52242 0.775336 -0.893678
7.53102 0.694692 -1.45089
7.59124 0.113994 -1.467
7.63717 -0.498612 -1.50663
7.67986 -1.28259 -1.52569
7.68631 -1.55044 -1.55408
7.68484 -1.55376 -1.84096
7.67614 -1.56529 -2.50401
7.66465 -1.56896 -3.1052
7.65172 -1.57127 2.45953
7.63866 -1.552 1.88642
7.64128 -1.52925 1.23569
7.63947 -1.52392 0.622495
7.6307 -1.527 0.0107313
7.61998 -1.52799 -0.16437
7.61896 -1.52301 0.758193
7.68225 -1.28035 1.29394
7.77344 -1.00303 1.2883
7.67058 -0.657712 1.90501
7.58818 -0.369417 1.40969
7.69293 -0.237299 0.857482
8.10323 0.235987 0.860311
8.52167 0.689369 0.812135
8.52502 0.689275 0.559757
8.55672 0.681919 -0.0285744
8.5738 0.678341 -0.575361
9.02077 0.348333 -0.603181
9.52283 -0.00186109 -0.601285
10.0444 -0.380833 -0.662499
10.405 -0.637305 -0.699059
10.3883 -0.626961 -0.0217589
10.4382 -0.587075 0.655989
10.9576 -0.154882 0.702786
11.4418 0.294976 0.779628
11.8795 0.779604 0.890352
12.028 0.974037 1.03111
12.0439 0.999561 2.05195
12.0386 0.989489 3.05923
12.0505 1.01465 -2.24026
12.0543 1.03772 -1.18885
12.159 0.906706 -0.956123
12.6271 0.502916 -0.615347
13.1124 0.153104 -0.617144
13.5597 -0.213254 -0.712107
13.5743 -0.233154 -0.261019
13.4391 -0.234179 0.0977454
13.4448 -0.229034 1.0922
13.4709 -0.135725 2.28705
13.4443 -0.090404 -3.04839
13.6991 0.0189031 -2.73184
13.7274 0.0397786 -2.7435
13.7375 0.0543159 -2.76633
13.7738 0.0636165 -2.5858
13.7231 -0.00383189 -2.30681
13.347 -0.465893 -2.26941
12.9156 -0.929846 -2.36445
12.4174 -1.25521 -2.63504
11.8723 -1.54621 -2.6714
11.3461 -1.79202 -2.75291
11.3664 -1.78168 -2.22408
11.3575 -1.76893 -1.25405
11.5083 -2.06726 -1.1288
11.774 -2.58718 -1.16927
11.8737 -2.82959 -1.2717
11.8751 -2.81238 -1.90576
11.8929 -2.78092 -2.50097
11.4087 -3.02114 -2.70728
10.8358 -3.23559 -2.78953
10.2612 -3.47417 -2.68852
9.67653 -3.74452 -2.68129
9.40075 -3.88877 -2.73625
9.10877 -3.89711 3.12296
8.68186 -3.87593 3.07806
8.69519 -3.86341 -2.77361
8.75241 -3.83214 -2.55707
8.75107 -3.82339 -1.58839
8.75237 -3.82425 -0.347845
8.76284 -3.8373 -0.00176305
8.75111 -3.80839 -0.000957878
8.76288 -3.83216 0.0112132
8.75271 -3.82417 0.00253043
8.81361 -3.80867 0.00608831
9.47344 -3.79299 0.000975219
10.138 -3.77243 -0.0394491
10.4651 -3.8057 -0.0852082
10.4461 -3.79715 -0.0329505
10.4638 -3.79397 -0.664168
10.4707 -3.80423 -1.34095
10.4796 -4.33405 -1.56886
10.4971 -4.98454 -1.59696
10.4595 -5.61741 -1.60555
10.4771 -6.2674 -1.59741
10.4497 -6.74385 -1.62718
10.4483 -6.76467 -2.06168
10.447 -6.75213 -2.70293
10.4532 -6.76212 2.96007
10.4741 -6.76383 2.33255
10.4715 -6.75747 1.7674
10.4549 -6.74744 1.17764
10.4775 -6.75376 0.521386
10.4802 -6.76065 0.723878
10.4887 -6.71375 1.35717
10.581 -6.09707 1.37499
10.6938 -5.44572 1.47668
10.7523 -4.78664 1.49065
10.7545 -4.30582 1.53346
10.7445 -4.316 1.15566
10.7406 -4.3114 0.533731
11.0065 -4.30244 0.111911
11.6358 -4.20067 0.0911488
12.268 -4.17125 0.0263485
12.636 -4.14562 -0.0616229
12.6089 -4.14922 -0.708056
12.6157 -4.1076 -1.31677
12.6314 -4.49989 -1.5741
12.6156 -5.13262 -1.66228
12.5471 -5.66047 -1.70249
12.5675 -5.63309 -0.86288
12.8321 -5.69646 -0.185324
13.4364 -5.78042 -0.177797
13.9977 -5.9014 -0.233683
14.5981 -6.04808 -0.277397
15.246 -6.23451 -0.312707
15.8414 -6.47087 -0.395396
16.31 -6.65634 -0.376279
16.3248 -6.67819 -0.575745
16.3313 -6.68576 -1.2076
16.3438 -6.70305 -1.84738
16.363 -6.72044 -2.47793
16.3666 -6.71814 -3.05162
16.3529 -6.71494 2.58046
16.3631 -6.70279 2.02102
16.3726 -6.71491 1.39405
16.3872 -6.73239 0.939822
16.3627 -6.73526 1.50193
16.3848 -6.71107 2.50407
16.3896 -6.70031 2.84022
16.3763 -6.69877 2.83484
15.9307 -6.56892 2.87037
15.3414 -6.42886 2.86798
14.7014 -6.24056 2.87745
14.075 -6.0863 2.90567
13.4561 -5.94424 2.94173
12.9655 -5.86122 2.97212
12.9721 -5.8691 -2.82603
12.9806 -5.88039 -1.89001
13.0029 -6.11628 -1.58703
12.9618 -6.73504 -1.64212
12.9311 -7.33992 -1.70309
12.9001 -7.9682 -1.5963
12.8874 -8.57672 -1.47905
12.9565 -9.19941 -1.5655
12.9181 -9.80059 -1.66782
12.8414 -10.4126 -1.68529
12.9357 -10.985 -1.35715
13.0563 -11.5622 -1.43027
13.1717 -12.2545 -1.51579
13.2274 -12.7447 -1.53371
13.2148 -12.7327 -0.673581
13.4851 -12.7308 -0.0515295
14.0702 -12.8095 -0.205095
14.7039 -12.9426 -0.284609
15.2996 -13.093 -0.298815
15.944 -13.304 -0.355225
16.2914 -13.4713 -0.369586
16.3074 -13.4417 0.505907
16.3309 -13.4085 1.70592
16.3668 -13.3948 2.6617
16.2439 -13.4059 2.88744
15.6248 -13.2443 2.88812
15.0552 -13.0937 2.90356
14.4249 -13.0107 2.93134
13.8135 -12.8412 2.95526
13.288 -12.775 2.93916
13.1116 -12.7369 -2.94616
13.1075 -12.7187 -1.9422
13.0783 -13.1572 -1.6784
13.0108 -13.7425 -1.68621
12.9873 -14.3161 -1.72868
12.9203 -14.8647 -1.70544
12.8125 -15.4239 -1.76454
12.6709 -15.949 -1.79945
12.5234 -16.542 -1.87554
12.3605 -17.1055 -1.90431
12.1458 -17.6987 -1.93479
11.8941 -18.2716 -2.01495
11.775 -18.4687 -1.96463
11.7499 -18.4473 -0.965639
11.7292 -18.4413 -0.299207
11.7223 -18.4471 -0.299797
12.1306 -18.463 -0.1694
12.7734 -18.606 -0.22766
13.3268 -18.7393 -0.255006
13.9582 -18.9464 -0.319996
14.4846 -19.1673 -0.413074
15.0897 -19.3483 -0.250969
15.7248 -19.4525 -0.195418
15.8453 -19.5003 -0.225214
15.8481 -19.4707 0.411608
15.8421 -19.3752 1.47779
15.8839 -19.4621 2.30467
15.9551 -19.4957 -2.95699
15.919 -19.4589 -2.03421
15.9512 -19.4232 -1.2278
15.9155 -19.4522 -1.70777
15.8667 -19.4329 -2.33424
15.9126 -19.3876 -2.96689
15.7526 -19.308 2.73875
15.1914 -19.0569 2.7031
14.614 -18.8339 2.79175
13.9497 -18.5884 2.92658
13.399 -18.4234 2.8856
12.8681 -18.3109 2.96693
12.8051 -18.3304 2.56071
12.8217 -18.2918 2.06043
12.9015 -18.2558 2.56599
12.7026 -18.2542 -3.07328
12.1596 -18.2024 3.01836
11.5174 -18.1892 3.06758
10.866 -18.3717 3.00378
11.0304 -18.337 -2.50735
10.8945 -18.4482 -1.68897
10.8604 -18.9416 -1.62953
10.8511 -19.5132 -1.66948
10.8546 -20.0795 -1.66447
10.7533 -20.4168 -1.71744
10.7477 -20.3871 -1.96818
10.6222 -20.431 -1.69966
10.6236 -20.5975 -0.776747
10.7086 -20.5416 0.198778
10.7888 -20.5182 1.2229
10.7637 -20.5188 2.19174
10.7861 -20.4564 1.82598
10.6052 -19.7619 1.84015
10.3988 -19.0953 1.91437
10.158 -18.4539 1.95591
9.92959 -17.8143 1.99823
9.79512 -17.5151 2.07674
9.77708 -17.5109 2.91812
9.22881 -17.3108 3.03559
8.68208 -17.2019 3.13235
8.07902 -17.145 -3.12613
7.44793 -17.0485 -3.12234
6.96646 -17.0792 -3.05137
6.47052 -17.0553 -2.98695
5.91611 -17.143 -2.99266
5.40968 -17.1931 -2.99921
5.30637 -17.1702 -2.79938
5.24137 -17.1561 -1.83999
5.0742 -17.7035 -1.61271
4.98829 -18.2909 -1.63943
4.88645 -19.0088 -1.68301
4.801 -19.6126 -1.72576
4.72942 -19.8517 -1.79257
4.80361 -19.8401 -0.987614
4.86063 -19.8974 0.0288125
4.87875 -19.8038 1.04093
4.95188 -19.5065 1.81178
4.89395 -18.9429 1.56674
4.95402 -18.3139 1.64839
4.82754 -17.6545 1.68966
4.8652 -16.9977 1.60776
4.8221 -16.6294 1.65147
4.8422 -16.5163 1.98647
4.85296 -16.5037 2.91632
4.37483 -16.3706 2.91858
3.97826 -16.2938 2.92073
3.89382 -16.2791 -2.90005
4.01213 -16.3459 -1.86472
4.05086 -16.7608 -1.56135
4.06479 -17.3738 -1.6133
3.98269 -18.0992 -1.83451
3.74473 -18.6053 -1.82712
3.57889 -19.258 -1.83108
3.38846 -19.9337 -1.93015
3.48372 -19.6433 -1.98439
3.48915 -19.3484 -2.06239
3.43049 -19.4137 -2.60565
3.41896 -19.4153 3.02811
3.22818 -19.3372 2.36202
3.21915 -19.2809 1.73684
3.26968 -19.0532 1.32036
3.45549 -18.5111 1.21577
3.65717 -17.9662 1.28318
3.75049 -17.4539 1.36423
3.79117 -16.8778 1.38066
3.77056 -17.039 2.04654
3.70692 -17.005 -3.12398
3.09661 -17.0499 -3.08712
2.56631 -16.9911 3.07428
2.00984 -17.1139 3.07179
1.37551 -16.965 2.99171
0.944242 -17.0109 2.96035
0.314267 -16.8836 3.03915
-0.277372 -16.8187 2.9705
-0.869364 -16.7937 2.96244
-1.456 -16.6065 2.91761
-2.01152 -16.5775 2.83271
-1.90053 -16.6116 -2.74142
-2.06431 -16.7711 -1.85121
-2.14599 -17.3359 -1.55856
-2.18829 -17.9774 -1.27227
-2.09111 -18.5687 -1.10787
-1.97413 -19.1386 -1.44782
-1.9824 -19.8154 -1.70751
-2.01702 -19.9484 -0.912767
-2.14678 -20.1925 0.107415
-2.03239 -20.2792 1.13225
-2.10244 -19.9613 1.64241
-2.18903 -19.4045 1.63623
-2.23266 -18.792 1.62252
-2.43275 -18.2185 1.89774
-2.54491 -17.5547 1.89037
-2.63296 -17.0825 1.81898
-2.60187 -17.0622 2.41843
-2.70277 -16.8189 3.07044
-3.19544 -16.6452 3.13921
-3.79173 -16.364 -3.04399
-3.98773 -16.5803 -2.52676
-3.89754 -16.9328 -1.67948
-3.93473 -17.5326 -1.64194
-3.91799 -18.1462 -1.63672
-3.89608 -18.7988 -1.61007
-3.90432 -19.4561 -1.63412
-3.98306 -20.1524 -1.69224
-3.97084 -20.4824 -1.63579
-3.86796 -19.8942 -1.72347
-3.84873 -19.6099 -1.85259
-4.08711 -19.2034 -2.49817
-3.9573 -18.41 -3.10417
-3.42409 -17.9946 2.55918
-3.03366 -17.9254 1.94755
-3.02174 -17.6904 1.50489
-2.97376 -17.0727 1.56912
-2.90937 -16.6746 1.91662
-3.15305 -16.4642 1.88156
-3.31456 -16.205 1.91887
-3.27179 -16.1059 2.06834
-3.24359 -16.2089 3.14114
-3.61916 -16.2918 -2.70084
-4.13348 -16.3192 -2.84628
-4.76519 -16.4562 -2.88223
-5.38482 -16.4881 -2.8947
-5.92921 -16.515 -2.8675
-6.45963 -16.6501 -2.79376
-6.94052 -16.7016 -2.82197
-6.90077 -16.6884 -2.28816
-6.96883 -16.7132 -1.24805
-6.80303 -16.7606 -0.412618
-6.82187 -16.696 0.388091
-6.9488 -16.7307 1.4143
-6.88782 -16.7008 1.16187
-6.69234 -16.4951 0.508274
-6.20041 -16.1541 0.622971
-5.71495 -15.7314 0.677275
-5.45418 -15.4413 0.737088
-4.9426 -15.0507 0.622888
-4.6234 -14.6945 0.658084
-4.18994 -14.4096 0.676927
-3.58049 -14.1422 0.747578
-3.09957 -13.9533 0.478885
-3.05131 -14.0455 -0.0416913
-3.13029 -14.0953 -0.680847
-3.18698 -14.1561 -1.01233
-3.13224 -14.1312 -1.57361
-3.14823 -14.1278 -2.17067
-3.08099 -14.2478 -2.73122
-3.50352 -14.3742 -3.01594
-4.08327 -14.4925 3.07056
-4.58584 -14.3538 -3.10593
-5.15687 -14.2949 3.04281
-5.70757 -14.1298 3.13056
-6.39372 -13.9066 2.95845
-6.99629 -13.7669 3.03607
-7.57052 -13.596 2.97995
-8.09082 -13.4136 3.05117
-8.09645 -13.2922 3.12001
-8.0624 -13.0616 -2.06672
-8.08634 -12.8962 -0.990405
-8.20566 -12.6709 -0.353425
-7.80504 -12.5283 0.100923
-7.00006 -12.1806 0.12973
-6.323 -12.0042 0.128229
-5.65894 -11.6715 0.180998
-5.07363 -11.3562 0.212562
-4.46099 -11.1778 0.225262
-4.29124 -11.0679 0.672824
-4.42603 -11.0917 1.67168
-4.30181 -10.5987 1.75038
-4.57502 -10.0649 1.71915
-4.71438 -10.0273 2.32087
-4.44585 -9.93521 3.12385
-4.88664 -9.9908 -3.13959
-5.13898 -9.65176 3.08647
-5.56292 -9.75461 -3.13293
-5.32528 -9.73548 2.78203
-5.51124 -9.72117 2.13049
-5.51594 -9.54912 1.51481
-5.3885 -9.45862 0.976318
-5.34314 -9.38121 0.383755
-4.68063 -9.4767 -0.090493
-4.09407 -9.4412 -0.125449
-3.50041 -9.61301 -0.193492
-3.32706 -9.67153 0.236135
-3.3199 -9.55914 1.16403
-3.15276 -9.20397 1.8044
-3.30025 -8.41887 1.70122
-3.275 -7.95239 1.76461
-3.43992 -7.24277 1.60299
-2.83747 -6.7559 1.66892
-2.83388 -6.16526 1.49433
-2.35685 -5.40635 1.58931
-2.43047 -5.04227 1.73296
-2.0024 -4.26196 1.59934
-2.51484 -3.03102 1.64272
-2.60769 -1.80382 1.75739
-4.1501 -5.06678 2.75045
-4.87655 -5.14581 3.04438
-5.47049 -5.25241 3.01705
-5.56391 -5.41128 -2.6268
-5.72225 -5.44577 -1.6267
-5.90238 -5.54142 -0.696806
-5.98319 -5.66746 0.0241272
-5.40627 -5.67909 0.180433
-4.84641 -5.7026 0.112831
-4.8409 -5.80084 0.671946
-4.96838 -5.84478 1.5374
-5.1107 -5.31153 1.62222
-5.31288 -4.80064 1.64316
-5.45794 -4.88359 2.48368
-5.78132 -4.97719 3.09682
-6.4949 -5.06347 -3.12967
-7.23262 -5.16649 3.12991
-7.87538 -5.25833 -3.13805
-8.14558 -5.3512 3.01139
-8.21343 -5.45986 2.43131
-8.434 -5.19064 1.99626
-8.78264 -4.66025 1.993
-8.98062 -4.46981 1.96893
-9.05009 -4.43205 1.41065
-9.09702 -4.38075 0.815698
-9.09377 -4.35448 0.319177
-9.07604 -4.4107 -0.316858
-9.13582 -4.4649 -0.874938
-8.91639 -4.89634 -0.944899
-8.58089 -5.41999 -0.849096
-8.45602 -5.70923 -0.15122
-7.92747 -5.66107 -0.101162
-7.38213 -5.58686 -0.0247549
-7.47007 -5.62496 0.413657
-7.57556 -5.61472 1.08462
-7.41684 -5.30461 1.35185
-7.19318 -4.66051 1.40691
-7.01863 -3.9842 1.47768
-6.87358 -3.29528 1.55573
-6.89239 -2.62824 1.64114
-6.9392 -1.95467 1.69804
-6.94145 -1.30994 1.53172
-6.92658 -0.646606 1.58585
-6.96015 0.0219925 1.65993
-7.02086 0.669865 1.69897
-6.9766 0.931172 1.98602
-6.90754 0.931831 2.9321
-7.42495 0.958874 3.07601
-7.98047 1.07566 2.93509
-8.51753 1.18051 2.9313
-8.45326 1.1903 -2.62218
-8.3649 1.2167 -1.64956
-8.25397 1.28926 -0.662152
-8.15563 1.36841 0.251453
-8.02991 1.32075 0.928399
-7.88622 1.25938 0.255772
-7.58135 1.28917 -0.236873
-6.90161 1.22831 -0.225069
-6.18349 1.15249 -0.269311
-5.54962 1.0801 -0.25692
-5.59554 1.03585 0.478552
-5.85381 0.859839 1.36634
-5.4468 1.22694 1.31276
-5.00845 1.72977 1.30614
-4.53417 2.16124 1.49649
-3.94237 2.53228 1.46719
-3.36747 2.92518 1.51838
-3.48671 3.4234 1.48478
-3.54317 3.87209 1.481
-3.64762 4.3102 1.43742
-3.68347 4.73939 1.43576
-3.78291 4.82194 1.57489
-3.83538 4.8102 2.63254
-4.24973 4.90519 -2.87098
-4.60632 4.68794 -1.92564
-4.62449 4.66139 -0.887948
-4.90103 4.83426 -0.0257557
-5.23346 4.99099 -0.244352
-5.4637 5.18212 -0.807577
-5.53574 5.30727 -1.42647
-5.56956 4.97104 -1.6583
-5.64839 4.30976 -1.66016
-5.72569 3.59747 -1.66681
-5.8206 2.87705 -1.67947
-5.9005 2.16034 -1.67527
-6.00702 1.44051 -1.69852
-6.01721 1.17293 -1.21526
-6.04946 1.21271 -0.290189
-5.74786 1.23277 0.0643579
-5.18089 1.23857 -0.0272167
-4.61615 1.22925 -0.0120215
-4.07263 1.22385 -0.0391306
-3.53743 1.19817 -0.0363379
-2.99707 1.18846 -0.0374141
-2.2793 1.1426 -0.0806686
-1.56263 1.0899 -0.0925596
-0.852695 0.998864 -0.149622
-0.271472 0.917098 -0.158868
-0.197031 0.950019 0.684883
-0.205245 1.08119 1.59271
-0.204458 1.75693 1.53092
-0.184275 2.421 1.49666
-0.132321 3.05702 1.49312
-0.128149 3.68849 1.54944
-0.122026 4.29529 1.5474
-0.140985 4.47766 1.72757
-0.163798 4.44877 2.74974
-0.0969438 4.43228 -2.55661
-0.0269057 4.46836 -1.55863
-0.0152397 4.40189 -0.586182
-0.00659497 4.33093 0.098077
0.0425771 4.26361 -0.475316
0.0359525 4.18876 -1.03555
-0.0173589 4.15918 -1.62243
-0.155725 3.63716 -1.78038
-0.326635 3.13434 -1.86544
-0.40065 2.98036 -1.48297
-0.343366 2.34255 -1.43238
-0.349821 1.90091 -1.54556
-0.410451 1.99413 -1.54052
-0.514422 1.36224 -1.78748
-0.727078 0.808677 -1.97874
-0.883298 0.510928 -2.04618
-0.966475 0.502368 -1.46492
-0.991305 0.38404 -0.445955
-0.923282 0.338435 0.566309
-0.952926 0.428812 1.55164
-0.940406 0.307648 2.45063
-1.27054 0.328398 2.72483
-1.9158 0.483299 2.65506
-2.39563 0.717993 2.62008
-2.97702 0.816117 2.8577
-3.65279 0.918732 3.08046
-4.22165 0.733405 -2.90227
-3.94686 0.499212 -2.4335
-5.23407 -0.608439 -2.17661
-6.96824 -2.04421 -2.18096
-8.662 -2.85856 -2.26444
-9.51337 -3.77382 -2.28788
-10.0952 -4.03865 -2.37431
-10.3784 -5.21725 -2.39247
-11.0116 -5.44931 -2.48319
-13.0413 -4.24097 -1.93238
-3.05704 2.62667 -1.8544
1.79427 5.6289 -1.71034
1.37379 2.62377 -1.71396
0.110184 1.04785 -1.69385
0.092393 0.634434 -1.6633
-0.823855 -0.201029 -2.00892
-2.25322 -1.36848 -1.94869
-2.98262 -2.83769 -1.94008
-3.64296 -4.22144 -1.92824
-4.29719 -5.57395 -1.94021
-4.88551 -6.8188 -1.9573
-4.90933 -6.79722 -1.38068
-4.94828 -7.23781 -1.62176
-5.08811 -7.95995 -1.6873
-5.26485 -8.77189 -1.71725
-5.46072 -9.62167 -1.72087
-5.66185 -10.4305 -1.75415
-5.86494 -11.2707 -1.76083
-6.0714 -12.095 -1.80034
-6.02189 -12.0343 -1.78651
-6.06071 -11.9069 -1.28408
-5.88657 -12.3909 -1.26962
-5.80726 -12.8851 -1.29051
-5.70277 -13.2648 -1.29715
-5.53368 -13.554 -1.29887
-5.7729 -14.1709 -1.38569
-5.81573 -14.7803 -1.46972
-5.5945 -15.509 -1.53368
-5.23846 -16.2646 -1.60427
-4.73192 -16.9161 -1.62123
-4.92264 -16.755 -0.955502
-5.05388 -16.9425 0.0102653
-4.53647 -16.7285 0.0808618
-3.99285 -16.6776 -0.0820781
-3.39672 -16.6982 -0.0456313
-2.77864 -16.6989 -0.128342
-2.16589 -16.7919 -0.180263
-1.68374 -16.8883 -0.175043
-1.06607 -17.0237 -0.0869648
-0.438912 -17.0681 -0.145258
0.196495 -17.161 -0.2014
0.360851 -17.2765 -0.138209
0.837504 -17.1347 0.18881
1.45141 -17.0305 0.170412
2.03228 -16.9013 0.0151637
2.6841 -17.0177 -0.223978
3.25994 -17.2977 -0.295774
3.72126 -17.5933 -0.0443136
4.36471 -17.7254 0.0365005
5.0154 -17.7208 0.0291501
5.54518 -17.8669 -0.130607
6.07271 -17.9849 -0.131522
6.62302 -18.1013 -0.217325
7.07395 -18.2072 -0.24236
7.53449 -18.3633 -0.307159
8.15928 -18.5295 -0.226013
8.76503 -18.6712 -0.252347
9.43571 -18.7903 -0.186155
10.1134 -18.9098 0.00110908
10.7867 -19.0251 -0.0628744
11.4824 -19.1111 -0.0701481
11.8556 -19.2904 -0.128707
11.8343 -19.3408 0.72596
11.9167 -19.41 1.62367
11.8498 -19.4345 1.68346
11.8016 -19.3875 1.68209
11.7922 -19.0289 1.6826
11.7552 -18.5281 1.68849
11.8531 -17.9395 1.40388
11.9666 -17.2369 1.43599
12.0211 -16.7458 1.44078
12.1253 -16.1392 1.45382
12.4538 -15.5364 1.42754
12.56 -14.8985 1.47372
12.6797 -14.3184 1.46148
12.8451 -13.724 1.50775
12.9382 -13.1911 1.51369
13.0054 -12.6641 1.55724
13.0045 -12.0009 1.55361
13.0191 -11.3784 1.61085
13.0787 -10.691 1.631
13.0557 -10.0533 1.66732
13.048 -9.40224 1.63068
13.0681 -8.74201 1.64449
12.982 -8.10513 1.65162
12.9321 -7.47222 1.64061
12.873 -6.81583 1.66553
12.8307 -6.19862 1.63331
12.7772 -5.55605 1.66669
12.7157 -4.95008 1.65764
12.5339 -4.34303 1.70394
12.2984 -3.73297 1.73048
12.1023 -3.11576 1.66579
11.9147 -2.7362 1.68775
12.012 -2.72122 2.4055
11.5316 -2.39512 2.55414
11.0276 -2.13379 2.2334
10.6107 -1.69085 2.32635
10.265 -1.216 2.14703
10.163 -0.991771 2.19954
9.88785 -0.513491 2.25828
9.64438 -0.514712 2.33424
9.93384 0.212374 2.42094
9.7338 0.519294 2.57615
8.89364 0.227558 3.09644
8.25349 0.676379 -3.13532
7.57047 0.842367 3.10226
6.87867 1.02182 3.14017
6.2711 1.04427 -3.03162
5.61556 1.10301 3.07414
4.95735 1.14082 -3.12418
4.1684 1.18469 -3.11493
3.22017 1.13403 3.11304
2.28388 1.1659 3.12272
1.32578 1.13999 -3.09759
0.350839 1.13088 -3.1079
-0.618722 1.11118 3.13922
-1.02337 1.12148 3.13664
-1.34557 1.09785 -3.05422
-2.28176 1.04478 -3.02195
-3.22104 0.878572 -2.99755
-3.69289 0.860162 -2.98289
-3.37351 0.700809 -2.04522
-2.2632 0.737912 -1.47889
-1.31077 0.444805 -1.50269
-1.68421 -0.275687 -1.56859
-2.08414 -1.19523 -1.61255
-2.42994 -1.98574 -1.6022
-2.6406 -2.775 -1.643
-3.37576 -2.95949 -1.85756
-3.47608 -2.63649 -2.48097
-2.98974 -2.69878 -3.05409
-2.95777 -2.95933 2.9894
-3.38297 -3.01798 3.07818
-3.84737 -3.1251 3.04316
-3.6226 -2.75778 -2.62211
-3.23545 -2.79796 -1.62553
-3.24045 -2.80569 -0.658903
-2.97107 -2.9457 0.28212
-2.72003 -2.79079 1.23912
-2.65419 -2.72754 1.13085
-2.60921 -2.66788 0.754703
-2.52064 -2.72015 0.211719
-2.06403 -2.69482 -0.09314
-1.34628 -2.82389 -0.0710241
-0.637442 -2.78652 0.00979598
0.00641037 -2.86102 -0.0789693
0.532344 -2.89652 -0.0355415
0.727719 -2.99994 -0.0975479
0.729069 -3.04906 0.641449
0.80765 -2.93334 1.67449
0.775813 -2.84854 2.65216
0.954859 -2.90962 -2.61938
1.07409 -2.75074 -1.67874
0.938792 -3.39103 -1.75406
0.673852 -3.94296 -1.74345
0.579298 -4.29213 -1.85918
0.595098 -4.36585 -2.4213
0.653411 -4.31729 -3.01693
0.32641 -4.26318 3.00251
-0.150074 -4.10432 3.12543
-0.740162 -4.07016 3.07025
-0.732369 -4.12403 -2.7785
-0.670258 -4.07732 -2.10357
-0.672921 -4.09901 -1.93218
-0.694522 -4.05284 -2.46915
-1.10616 -4.28907 -2.59546
-1.53793 -4.49959 -2.66329
-1.53398 -4.48284 3.11073
-2.06191 -4.40163 3.07733
-2.5813 -4.33621 3.09463
-2.55224 -4.23143 -2.7892
-2.53444 -4.19083 -1.99079
-2.7969 -4.75787 -1.94829
-3.01778 -5.25487 -1.88874
-3.04586 -5.20403 -2.38032
-3.36803 -5.44216 -2.50646
-3.57145 -5.45738 -2.22948
-3.44751 -5.40019 -1.20265
-3.54456 -5.3706 -0.239851
-3.41777 -5.39211 0.766217
-3.14405 -5.0051 1.00696
-2.86081 -4.6413 1.00152
-2.61433 -4.29547 0.991005
-2.61681 -4.34654 0.895699
-2.65735 -4.26645 0.28256
-1.9774 -4.32411 0.105764
-1.4005 -4.37627 0.0908343
-0.721606 -4.4206 0.0257608
-0.764813 -4.46712 -0.37995
-0.733911 -4.37349 -0.972006
-0.700837 -4.43159 -1.54551
-0.789667 -4.78079 -1.76225
-0.966253 -5.37326 -1.82001
-1.19085 -5.83118 -1.9178
-1.17823 -5.81281 -1.5573
-1.18378 -6.07658 -1.29325
-1.20877 -6.03427 -1.68906
-1.38001 -6.60485 -1.72383
-1.53001 -7.18488 -1.75248
-1.68157 -7.78321 -1.77129
-1.77308 -8.2071 -1.79755
-1.81211 -8.19268 -1.54278
-1.82332 -8.77831 -1.53577
-1.84007 -9.43078 -1.6408
-1.97769 -9.97084 -1.69122
-2.10808 -10.4294 -1.79365
-2.21915 -10.9476 -1.44874
-2.17596 -11.6333 -1.54512
-2.18437 -12.1904 -1.52905
-2.23404 -12.7445 -1.54615
-2.21027 -13.3742 -1.51093
-2.26088 -13.4373 -1.63979
-2.20829 -13.3663 -2.24941
-2.15718 -13.3815 -2.68275
-2.62682 -13.5449 -2.74736
-2.79828 -13.6338 -2.86683
-2.77219 -13.6668 2.86438
-3.29562 -13.5406 2.88082
-3.83478 -13.4846 2.97924
-4.38539 -13.3812 2.99253
-4.42959 -13.416 -2.95118
-4.44689 -13.4316 -1.89443
-4.42419 -13.3529 -0.907769
-4.40659 -13.4378 0.107763
-3.77723 -13.359 0.121521
-3.02734 -13.5664 -0.309773
-2.40311 -13.801 -0.329199
-1.82416 -14.0981 -0.367662
-1.56111 -14.2386 -0.464379
-1.57362 -14.2529 -1.01973
-1.5453 -14.2109 -1.58095
-1.55155 -14.466 -1.76467
-1.72963 -15.0666 -1.7807
-1.85412 -15.5305 -1.85518
-1.92046 -15.4677 -2.33664
-1.92743 -15.3877 -2.88686
-2.27043 -15.3278 3.02988
-2.87099 -15.2304 3.11803
-3.41066 -15.1239 3.0862
-3.99235 -15.0576 3.05957
-4.53758 -14.9409 3.07813
-5.18066 -14.8461 -3.13364
-5.8612 -14.9193 3.14056
-6.12427 -15.0759 -2.68378
-5.65997 -15.7791 -1.75661
-5.71861 -15.6803 -0.743776
-5.06609 -14.7883 0.308106
-4.74576 -13.5781 1.31513
-5.051 -13.0554 1.86114
-5.25669 -12.0491 1.81267
-5.76898 -11.0267 1.82539
-6.06378 -10.1095 1.94089
-6.31603 -9.07417 1.81793
-6.12054 -8.52079 1.71669
-5.99397 -8.03821 1.57257
-5.74262 -6.86386 1.47905
-6.05051 -6.26265 1.53532
-6.00931 -5.79048 1.52875
-6.02755 -4.97274 1.61621
-5.8837 -4.56708 1.59346
-5.72749 -5.01852 2.08158
-5.79473 -5.75356 3.01291
-5.81097 -6.34915 -2.37528
-5.79756 -6.56527 -1.56125
-5.81468 -7.26123 -1.55672
-5.83408 -8.04466 -1.52705
-5.84863 -8.82594 -1.5915
-5.86555 -9.59158 -1.5839
-5.85235 -10.3483 -1.65386
-5.86791 -11.1138 -1.68797
-6.00373 -11.7632 -1.73151
-6.17477 -12.4219 -1.72936
-6.30536 -13.0924 -1.77656
-6.48191 -13.6663 -1.74716
-6.61338 -14.0191 -1.75412
-6.55884 -14.0456 -0.92617
-6.50426 -14.1654 -0.214281
-5.90924 -14.3861 -0.189005
-5.36091 -14.5579 -0.119362
-4.71114 -14.6914 -0.151474
-4.04443 -14.8718 -0.0851192
-3.46801 -15.0206 -0.12195
-2.87683 -15.2302 -0.103544
-2.50563 -15.2423 -0.0799419
-2.41175 -15.2137 -0.0693458
-2.7838 -15.1748 0.858751
-2.636 -15.1339 1.66618
-2.64993 -14.6541 1.53715
-2.64689 -14.0418 1.58106
-2.53152 -13.549 1.63519
-2.7055 -12.9847 1.46264
-2.49303 -12.3572 1.47426
-2.52609 -11.8509 1.73198
-2.37181 -11.2578 1.51689
-2.17199 -10.4102 1.58621
-2.22919 -9.8691 1.64117
-2.02351 -9.26471 1.66423
-1.99501 -8.62254 1.57436
-1.83821 -8.23332 1.42766
-1.64322 -7.64149 1.45796
-1.54368 -7.13429 1.51985
-1.21053 -6.60242 1.43703
-1.07505 -6.13904 1.50514
-0.997333 -5.57885 1.5063
-0.90452 -4.9483 1.53136
-0.771799 -4.47723 1.46896
-0.81029 -3.98437 1.52631
-0.754477 -3.40784 1.60768
-0.742478 -2.81707 1.39409
-0.565898 -2.34384 1.46091
-0.564008 -1.81053 1.6884
-0.626198 -1.26396 1.67504
-0.682003 -0.656728 1.62437
-0.696384 -0.0604714 1.65497
-0.716444 0.50123 1.74571
-0.723244 0.506628 1.29295
-0.744174 0.522094 0.695645
-0.717661 0.565252 0.136018
-0.169884 0.476244 -0.0468898
0.476239 0.427276 -0.0331258
0.538532 0.419196 -0.0498568
0.574801 0.42019 -0.0505188
