-1.56427e-07 1.58564e-06 -1.99787e-07
-1.70505e-07 1.5896e-06 -0.0006422
-1.84673e-07 1.59358e-06 -0.0011802
0.0110016 -0.000973389 -0.0035622
0.641008 -0.0111987 -0.0074442
0.696016 -0.0117142 -0.0987262
0.700269 -0.0154334 -0.895998
0.693956 0.00421521 -1.51154
0.699263 0.0266961 -2.12507
0.716114 0.0411252 -2.76314
0.728981 0.0432226 2.90552
0.733203 0.0405396 2.23124
0.733186 0.0415482 1.58176
0.738752 0.0590734 0.922264
0.759658 0.0737536 0.314025
0.768571 0.0743606 -0.210903
1.06249 0.0141551 -0.229595
1.66365 -0.133112 -0.260823
2.287 -0.296476 -0.271
2.9143 -0.49425 -0.319576
3.50847 -0.685061 -0.313847
4.11769 -0.838229 -0.202369
4.72748 -0.980261 -0.185068
5.36569 -1.02526 -0.0775991
5.99604 -1.09721 -0.134604
6.62966 -1.16562 -0.131768
7.23795 -1.26628 -0.172453
7.85313 -1.35787 -0.156771
8.43402 -1.45679 -0.161365
8.81234 -1.51445 -0.130751
8.82087 -1.51673 -0.663221
8.92151 -1.65211 -0.931817
9.2885 -2.16705 -0.950508
9.6704 -2.67335 -0.898369
10.0828 -3.16371 -0.87613
10.5062 -3.64618 -0.840696
10.9368 -4.12949 -0.848216
11.2209 -4.44381 -0.839506
11.2191 -4.44141 -1.15937
11.2161 -4.42894 -1.32886
11.3645 -4.99528 -1.31051
11.5194 -5.58672 -1.3414
11.647 -6.14159 -1.36303
11.7598 -6.7281 -1.40211
11.8566 -7.31399 -1.43796
11.9206 -7.93171 -1.4938
11.9604 -8.55189 -1.51349
11.9891 -9.17207 -1.55548
11.9942 -9.79703 -1.56232
11.9952 -10.418 -1.61347
11.9496 -11.0072 -1.65827
11.9022 -11.6034 -1.68753
11.8126 -12.1868 -1.76446
11.7197 -12.7446 -1.7523
11.6132 -13.2568 -1.81459
11.6196 -13.2238 -1.80949
11.6193 -13.2254 -1.7991
11.4827 -13.844 -1.81068
11.3432 -14.4509 -1.76464
11.221 -15.057 -1.78839
11.0981 -15.6595 -1.76717
10.9693 -16.2625 -1.81808
10.8249 -16.8218 -1.77843
10.6787 -17.3861 -1.81409
10.5491 -17.9451 -1.75089
10.4199 -18.5023 -1.80252
10.2718 -19.0901 -1.81079
10.112 -19.6819 -1.80968
10.0063 -20.1297 -1.82546
10.0096 -20.1187 -1.98042
10.0166 -20.1052 -2.65487
10.04 -20.1037 2.98559
10.0528 -20.1052 2.97614
10.0604 -20.107 2.91122
10.0603 -20.1069 2.28939
10.0669 -20.1095 1.93705
10.0549 -20.0964 2.63089
10.0505 -20.0946 2.86387
9.76933 -20.1076 -3.08216
9.15186 -20.1514 -3.0874
8.52028 -20.1552 3.12129
7.89622 -20.1338 3.09531
7.30499 -20.104 3.04024
6.72646 -20.0629 3.01563
6.17708 -19.9867 2.93671
5.64714 -19.8915 2.94313
5.04004 -19.7751 2.85334
4.59355 -19.6446 2.80531
4.23334 -19.5144 2.77534
4.2418 -19.5146 -3.11193
3.63749 -19.5227 3.14004
3.02261 -19.5231 -3.09422
2.42403 -19.5234 3.07311
1.80259 -19.4253 2.97203
1.18075 -19.2911 2.92907
0.556243 -19.2045 3.07091
-0.0530769 -19.1546 3.09453
-0.64375 -19.0925 3.02356
-1.23708 -18.9917 2.96541
-1.94723 -18.867 3.01217
-2.51794 -18.759 2.96052
-3.13011 -18.7034 3.06381
-3.7473 -18.6254 2.9585
-4.36027 -18.5128 3.05485
-4.97417 -18.4393 3.02106
-5.5877 -18.3776 3.06753
-6.19038 -18.3099 3.01249
-6.80925 -18.2161 3.00839
-7.26314 -18.1701 3.07014
-7.30739 -18.1591 2.62194
-7.32385 -18.1422 2.031
-7.32465 -18.0611 1.52552
-7.30529 -17.4272 1.58015
-7.32812 -16.8053 1.62739
-7.3658 -16.1921 1.66439
-7.44319 -15.5505 1.72453
-7.5665 -14.7998 1.76856
-7.70601 -14.1906 1.86406
-7.71084 -14.17 1.5291
-7.65827 -13.6457 1.47586
-7.61011 -12.9842 1.56611
-7.62568 -12.3619 1.63378
-7.66524 -11.7805 1.69074
-7.69201 -11.6018 1.67868
-7.60857 -11.3623 1.25584
-7.39869 -10.767 1.24565
-7.2742 -10.1495 1.4527
-7.18386 -9.51033 1.45198
-7.11668 -8.86827 1.48937
-7.03926 -8.22982 1.45773
-6.98162 -7.59427 1.51146
-6.94662 -6.96533 1.601
-6.94041 -6.34664 1.55233
-6.902 -5.78107 1.51595
-6.85737 -5.18597 1.49826
-6.7848 -4.6073 1.47266
-6.7217 -3.97377 1.49283
-6.6371 -3.34038 1.45125
-6.57448 -2.70943 1.53098
-6.57139 -2.08282 1.59519
-6.61265 -1.43342 1.62473
-6.63085 -0.798371 1.57532
-6.64296 -0.153364 1.57064
-6.57328 0.484015 1.45908
-6.54007 0.853303 1.4758
-6.53468 0.870592 0.975612
-6.53346 0.877305 0.380366
-6.46084 0.873226 -0.107915
-6.01164 0.816295 -0.144417
-5.35323 0.727508 -0.120141
-4.70167 0.668127 -0.106787
-4.04477 0.625851 -0.0220371
-3.41814 0.596668 -0.0831584
-2.79165 0.569976 0.00993735
-2.16872 0.554853 -0.0599613
-1.54217 0.52702 -0.0267966
-0.913096 0.518141 0.00364371
-0.347426 0.505227 -0.0612123
-0.167939 0.493685 -0.0448336
-0.175982 0.496581 0.900885
-0.175569 0.496662 1.8929
-0.178678 0.488295 2.82769
-0.168912 0.492105 -2.46335
-0.170331 0.482251 -1.50828
-0.219166 0.548632 -0.518803
-0.0479473 0.524684 -0.0855362
0.65459 0.4775 -0.0711844
1.27224 0.428204 -0.100103
1.86123 0.380072 -0.0878041
2.45566 0.31001 -0.124563
3.04154 0.243207 -0.145176
3.5999 0.146668 -0.183582
4.22219 0.041245 -0.169768
4.84977 -0.0799655 -0.192556
5.4736 -0.194733 -0.152374
6.0885 -0.285382 -0.177041
6.6865 -0.406 -0.167401
7.30852 -0.509164 -0.195018
7.92851 -0.655359 -0.233988
8.33104 -0.739339 -0.180791
8.38111 -0.752875 -0.623084
8.82078 -1.07135 -0.674997
9.22602 -1.43155 -0.849173
9.57253 -1.8537 -0.906608
9.90498 -2.36145 -1.04886
10.1871 -2.89463 -1.13742
10.4091 -3.46416 -1.19985
10.6092 -4.01201 -1.21871
10.8182 -4.579 -1.22035
11.0219 -5.14969 -1.24302
11.2168 -5.74944 -1.27299
11.4005 -6.34897 -1.29818
11.5646 -6.94271 -1.32758
11.6964 -7.48897 -1.3843
11.8043 -8.0577 -1.41189
11.8921 -8.6232 -1.44118
11.9669 -9.24593 -1.48223
12.013 -9.86563 -1.50996
12.0463 -10.4829 -1.5684
12.026 -11.0907 -1.63007
11.9869 -11.6942 -1.65215
11.9234 -12.2943 -1.70905
11.866 -12.7994 -1.68925
11.773 -13.5341 -1.74242
11.6581 -14.1107 -1.84466
11.4955 -14.6734 -1.8543
11.3476 -15.221 -1.85257
11.194 -15.7884 -1.83677
11.027 -16.3887 -1.84632
10.871 -16.9906 -1.80814
10.7142 -17.584 -1.81701
10.5715 -18.181 -1.81475
10.4012 -18.768 -1.86763
10.2123 -19.3588 -1.88842
10.0184 -19.9359 -1.89224
9.90692 -20.2585 -1.92805
9.91852 -20.2384 -2.4272
9.94386 -20.2356 -2.96989
9.95353 -20.2392 -3.02591
9.38742 -20.2003 3.08871
8.77879 -20.1617 3.04883
8.13522 -20.0993 3.09919
7.50665 -20.0607 3.07363
6.87844 -20.0355 -3.11313
6.26379 -20.0405 -3.13875
5.64528 -20.0392 -3.08878
5.02769 -20.0375 -3.13753
4.38176 -20.1168 -2.9809
3.86224 -20.1079 2.94075
3.39055 -20.065 3.06212
3.11054 -20.054 3.0329
3.33026 -20.0709 3.10247
3.0128 -19.9315 2.67665
2.44219 -19.6732 2.77849
1.86128 -19.4494 2.7339
1.60748 -19.3422 2.72851
1.27394 -19.3456 3.1343
0.649782 -19.3647 -3.07879
0.0347829 -19.4168 -3.1118
-0.578508 -19.4177 3.10357
-1.15054 -19.3028 2.88559
-1.69254 -19.1744 2.97098
-2.2741 -19.1094 3.00874
-2.88037 -19.0264 3.00738
-3.50579 -18.9822 3.07864
-4.12111 -18.9356 3.02488
-4.72437 -18.8522 2.95313
-5.32814 -18.7735 3.05994
-5.88171 -18.7556 3.09215
-5.83269 -18.7627 -2.99738
-5.8306 -18.7627 2.69677
-6.15788 -18.4218 2.2732
-6.51666 -18.0035 2.28253
-6.89216 -17.5598 2.27237
-7.26173 -17.104 2.23203
-7.33239 -17.0154 2.31683
-7.33494 -16.9454 1.83632
-7.40283 -16.4425 1.71606
-7.4886 -15.877 1.78782
-7.63578 -15.2805 1.8281
-7.77271 -14.7283 1.81952
-7.77066 -14.6868 1.50776
-7.71221 -14.0295 1.51438
-7.67472 -13.4067 1.52789
-7.66466 -12.7992 1.62513
-7.70121 -12.1958 1.64555
-7.65794 -11.6123 1.5168
-7.6138 -10.8614 1.48772
-7.48672 -10.2525 1.37772
-7.37278 -9.63448 1.40825
-7.30735 -9.00753 1.52292
-7.21909 -8.38133 1.41322
-7.14123 -7.7512 1.47941
-7.15902 -7.12024 1.69216
-7.23465 -6.50649 1.71671
-7.23104 -5.89735 1.546
-7.23304 -5.28949 1.66127
-7.28836 -4.72756 1.63644
-7.25527 -4.08535 1.54855
-7.22465 -3.45287 1.49244
-7.16511 -2.82253 1.49401
-7.08265 -2.1879 1.39322
-6.97015 -1.55651 1.43299
-6.89108 -0.922335 1.42527
-6.78656 -0.295763 1.45277
-6.72989 0.348988 1.47288
-6.67273 0.965364 1.52554
-6.67093 1.00917 1.42006
-6.66565 1.01896 0.808521
-6.64774 1.02871 0.212192
-6.18384 1.02268 -0.014233
-5.5382 1.01763 -0.00122804
-4.92052 1.00062 -0.0559907
-4.29401 0.95774 -0.0791367
-3.67102 0.907729 -0.0785262
-3.0472 0.829444 -0.191097
-2.42801 0.686347 -0.236546
-1.81104 0.536379 -0.248304
-1.20078 0.385832 -0.24906
-0.627572 0.23275 -0.188071
-0.0388808 0.149669 -0.146178
0.524373 0.0524831 -0.205743
0.825584 -0.0113534 -0.227078
0.806809 -0.00676873 -0.223364
1.30645 -0.120552 -0.214325
1.92584 -0.163607 -0.0312204
2.55562 -0.174487 -0.0498058
3.19532 -0.222967 -0.0870379
3.8235 -0.286844 -0.143168
4.459 -0.34846 -0.0508169
5.08704 -0.379914 -0.0872267
5.36866 -0.406687 0.0871962
5.36586 -0.408221 1.07477
5.37086 -0.191926 1.56979
5.35294 0.433999 1.60911
5.32633 1.05932 1.60434
5.28911 1.70363 1.65404
5.23167 2.34443 1.6625
5.13776 2.98038 1.75534
5.06156 3.32559 1.82507
5.06455 3.33465 2.78824
5.06506 3.33486 -2.46096
5.0661 3.33688 -1.47022
5.08154 3.32122 -0.483258
5.095 3.31637 0.172788
5.10638 3.31688 -0.358116
5.12756 3.29972 -0.956849
5.13065 3.2817 -1.58387
5.08816 2.6454 -1.63196
5.04049 2.01223 -1.69789
4.95499 1.39519 -1.72737
4.86291 0.778095 -1.75216
4.74126 0.168635 -1.7814
4.70684 0.0144277 -1.72807
4.74327 0.0241995 -0.714765
4.80698 0.0139415 0.24063
4.85274 0.0350229 1.14794
4.85522 0.0604178 2.0918
4.85456 0.0608516 3.0751
4.86856 0.0698711 -2.16474
4.86888 0.0681252 -1.15134
4.9848 -0.000918565 -0.521731
5.56064 -0.305883 -0.42149
6.13904 -0.507442 -0.289877
6.72819 -0.690824 -0.299279
6.96662 -0.761075 -0.326111
6.95306 -0.756613 -0.971721
6.95549 -0.845277 -1.52891
6.97333 -1.43615 -1.54499
6.97104 -2.05594 -1.5846
6.95782 -2.84432 -1.60362
6.94355 -3.11838 -1.63198
6.94166 -3.12732 -1.91881
6.92981 -3.14184 -2.58177
6.91583 -3.14581 3.1003
6.89531 -3.1451 2.38193
6.88942 -3.13466 1.80888
6.89204 -3.11899 1.15822
6.89295 -3.11772 0.545074
6.88102 -3.12279 -0.066651
6.86609 -3.11983 -0.241729
6.85774 -3.12203 0.680905
6.94271 -2.89097 1.21668
7.04534 -2.62274 1.21105
6.9759 -2.28621 1.82778
6.92028 -1.99673 1.33245
7.02889 -1.87375 0.780242
7.47457 -1.43863 0.783067
7.93273 -1.00065 0.73505
7.95376 -0.975431 0.482905
7.97803 -0.971648 -0.105064
7.98406 -0.97488 -0.651513
8.41131 -1.32412 -0.679212
8.88223 -1.68981 -0.677239
9.35936 -2.09366 -0.73842
9.69742 -2.39594 -0.77498
9.68659 -2.38924 -0.0976895
9.73667 -2.35537 0.580071
10.2858 -1.97825 0.626899
10.785 -1.56814 0.703833
11.2505 -1.12143 0.81471
11.411 -0.945778 0.95565
11.4181 -0.934667 1.97705
11.4103 -0.928571 2.98455
11.4154 -0.924677 -2.31474
11.4166 -0.922552 -1.26312
11.5108 -1.05231 -1.03028
11.9518 -1.47725 -0.689236
12.4316 -1.85395 -0.690466
12.8805 -2.25318 -0.78457
12.9095 -2.28102 -0.331703
12.7666 -2.26832 0.0287431
12.759 -2.26801 1.02707
12.7659 -2.19835 2.22633
12.7386 -2.18297 -3.10537
12.9804 -2.10143 -2.787
12.9913 -2.09628 -2.79762
12.9898 -2.09634 -2.81932
13.0014 -2.08989 -2.63722
12.9281 -2.15877 -2.35648
12.4837 -2.60617 -2.31803
12.0498 -3.03736 -2.41287
11.5172 -3.35678 -2.68318
10.9624 -3.62369 -2.71936
10.4297 -3.8441 -2.80069
10.4433 -3.83666 -2.2715
10.4475 -3.80111 -1.30102
10.574 -4.11351 -1.17561
10.7962 -4.66144 -1.21593
10.8834 -4.9187 -1.3182
10.8833 -4.89361 -1.95192
10.8969 -4.86736 -2.5468
10.4023 -5.0817 -2.75297
9.82386 -5.29544 -2.83508
9.23929 -5.49859 -2.73395
8.64098 -5.74824 -2.72667
8.35886 -5.88146 -2.78156
8.06764 -5.87225 3.07774
7.62941 -5.83914 3.03288
7.63372 -5.83806 -2.81872
7.68794 -5.81252 -2.60214
7.6908 -5.80772 -1.63332
7.68803 -5.81176 -0.392598
7.69216 -5.81207 -0.0464507
7.69091 -5.81229 -0.0456123
7.68402 -5.81636 -0.0334054
7.68264 -5.81659 -0.0420533
7.71382 -5.81762 -0.0384627
8.37488 -5.82636 -0.0435252
9.01885 -5.86342 -0.0838814
9.3599 -5.89753 -0.12956
9.33622 -5.89514 -0.0772223
9.34737 -5.89884 -0.70825
9.35243 -5.90555 -1.38483
9.32528 -6.44278 -1.61262
9.30421 -7.0838 -1.64065
9.2377 -7.7232 -1.64915
9.19658 -8.37157 -1.64093
9.15254 -8.84145 -1.67074
9.15081 -8.84836 -2.10531
9.15759 -8.84282 -2.74666
9.17495 -8.84077 2.91626
9.18363 -8.84529 2.28865
9.18383 -8.84794 1.72341
9.18642 -8.83287 1.13358
9.19168 -8.82764 0.477233
9.19042 -8.82843 0.679677
9.20149 -8.806 1.31288
9.34078 -8.18256 1.33067
9.46271 -7.54491 1.43231
9.54581 -6.90739 1.44624
9.59047 -6.43687 1.48902
9.5905 -6.43649 1.11116
9.58729 -6.44249 0.489152
9.84812 -6.41804 0.0672696
10.4452 -6.3827 0.0465523
11.0764 -6.36731 -0.0181892
11.4298 -6.38373 -0.106066
11.4243 -6.38117 -0.752301
11.4151 -6.34645 -1.36082
11.4009 -6.745 -1.61801
11.342 -7.36232 -1.70609
11.2627 -7.87291 -1.74622
11.2735 -7.85082 -0.906333
11.5292 -7.91931 -0.228552
12.1141 -8.04338 -0.220923
12.6691 -8.18622 -0.276688
13.2421 -8.35995 -0.320256
13.8599 -8.56901 -0.355571
14.4555 -8.82609 -0.438249
14.9129 -9.03513 -0.419119
14.9215 -9.03968 -0.618566
14.9392 -9.06351 -1.25039
14.9407 -9.07071 -1.89014
14.9393 -9.07263 -2.52064
14.9417 -9.07227 -3.09429
14.9441 -9.07257 2.53783
14.9487 -9.08121 1.97843
14.9496 -9.09102 1.35151
14.9487 -9.09327 0.897324
14.949 -9.09253 1.45947
14.9451 -9.07687 2.46168
14.9496 -9.07858 2.79787
14.9562 -9.08089 2.79251
14.5281 -8.92854 2.82805
13.927 -8.74784 2.82573
13.3229 -8.54316 2.83525
12.7107 -8.37184 2.86352
12.0961 -8.19866 2.89964
11.6246 -8.09736 2.93006
11.6295 -8.09683 -2.86801
11.637 -8.08661 -1.93189
11.6235 -8.31618 -1.62885
11.5699 -8.92045 -1.6839
11.4913 -9.53291 -1.74481
11.4304 -10.1553 -1.63783
11.3951 -10.7792 -1.52031
11.3963 -11.396 -1.60656
11.3358 -12.0171 -1.7086
11.2137 -12.6446 -1.72581
11.2785 -13.2098 -1.39721
11.36 -13.7869 -1.4701
11.3919 -14.4808 -1.5554
11.3921 -14.9262 -1.57316
11.3958 -14.915 -0.712486
11.6381 -14.9396 -0.0899993
12.2309 -15.0129 -0.243345
12.8136 -15.1747 -0.322659
13.3843 -15.3786 -0.336654
14.0067 -15.6042 -0.39303
14.3646 -15.7588 -0.407384
14.3622 -15.7401 0.468192
14.3814 -15.6974 1.66832
14.377 -15.6856 2.62429
14.3091 -15.6676 2.85003
13.6967 -15.4952 2.85072
13.1095 -15.3091 2.86619
12.5154 -15.1687 2.89396
11.9217 -15.025 2.9179
11.3989 -14.9076 2.90181
11.2304 -14.8657 -2.9835
11.2518 -14.8411 -1.9796
11.1915 -15.234 -1.71582
11.1067 -15.8546 -1.72347
11.0089 -16.4292 -1.76561
10.9108 -16.9713 -1.74205
10.8007 -17.5401 -1.80092
10.6592 -18.1193 -1.83575
10.4831 -18.6866 -1.91176
10.2772 -19.2894 -1.94028
10.0361 -19.8899 -1.97056
9.77224 -20.4663 -2.05059
9.6764 -20.6523 -2.00018
9.67404 -20.6417 -1.00101
9.67496 -20.6423 -0.334463
9.67845 -20.6426 -0.335019
10.0356 -20.7235 -0.20454
10.6431 -20.867 -0.262741
11.2042 -21.0317 -0.290047
11.8135 -21.2361 -0.355014
12.4019 -21.4848 -0.44811
12.9904 -21.7085 -0.286027
13.6219 -21.846 -0.230507
13.7436 -21.8756 -0.260346
13.7639 -21.8733 0.376376
13.7857 -21.8328 1.44246
13.8039 -21.8796 2.26924
13.8108 -21.879 -2.99252
13.8224 -21.8714 -2.06984
13.8236 -21.8624 -1.26345
13.8223 -21.8432 -1.74348
13.8297 -21.828 -2.37008
13.8465 -21.8194 -3.0028
13.7093 -21.7677 2.7028
13.1163 -21.4864 2.66716
12.5361 -21.2139 2.75582
11.9312 -20.998 2.89069
11.3307 -20.8296 2.84975
10.7542 -20.6751 2.93106
10.7621 -20.6778 2.52457
10.7555 -20.6703 2.02418
10.7328 -20.6486 2.52993
10.5538 -20.6497 -3.10918
9.98302 -20.5751 2.98249
9.37759 -20.4878 3.0315
8.76706 -20.4221 2.96796
8.81709 -20.437 -2.54487
8.75823 -20.4425 -1.72484
8.70784 -20.9683 -1.66539
8.66132 -21.5445 -1.70526
8.59992 -22.1193 -1.69991
8.55067 -22.481 -1.7525
8.5435 -22.4863 -2.00279
8.5121 -22.5571 -1.73409
8.55268 -22.6147 -0.810757
8.64448 -22.6434 0.164277
8.64659 -22.645 1.18835
8.63889 -22.626 2.15705
8.62799 -22.5917 1.79126
8.49038 -21.9391 1.80543
8.31658 -21.2998 1.87965
8.11099 -20.6774 1.9212
7.87868 -20.0647 1.96353
7.74325 -19.757 2.04205
7.73714 -19.7455 2.88343
7.15804 -19.6139 3.00095
6.57005 -19.5469 3.09781
5.95837 -19.5427 3.12263
5.33541 -19.5233 3.12655
4.79774 -19.5524 -3.08531
4.24974 -19.5988 -3.02055
3.71398 -19.6775 -3.02595
3.16851 -19.7498 -3.03213
2.99072 -19.7707 -2.83167
2.99802 -19.7622 -1.87109
2.90459 -20.367 -1.6438
2.86829 -20.9873 -1.67075
2.79176 -21.658 -1.71458
2.69917 -22.2579 -1.75732
2.61712 -22.6364 -1.8241
2.61757 -22.6517 -1.01901
2.65547 -22.6742 -0.00249069
2.68806 -22.6605 1.00989
2.6508 -22.4247 1.78107
2.58446 -21.8118 1.53617
2.58786 -21.1627 1.61792
2.54235 -20.5141 1.65923
2.54945 -19.9227 1.57737
2.53398 -19.5354 1.62108
2.52984 -19.5117 1.95615
2.51977 -19.5081 2.8862
1.92223 -19.3577 2.88852
1.44762 -19.2225 2.89068
1.48087 -19.2327 -2.9301
1.48735 -19.2278 -1.89478
1.49667 -19.7104 -1.59133
1.49842 -20.3293 -1.64319
1.35228 -20.9295 -1.86418
1.17128 -21.5349 -1.85648
0.997818 -22.1059 -1.86003
0.799375 -22.683 -1.95849
0.929552 -22.3628 -2.01225
1.05084 -22.1164 -2.08969
1.03113 -22.1417 -2.63171
0.929042 -22.1375 3.00326
0.821967 -22.0896 2.33898
0.759337 -22.0111 1.71541
0.848713 -21.6448 1.3001
1.05527 -21.0358 1.19606
1.257 -20.4261 1.26379
1.41541 -19.8304 1.34513
1.51965 -19.3054 1.36176
1.52286 -19.2921 2.02826
1.45436 -19.2823 -3.12717
0.79165 -19.305 -3.09014
0.147882 -19.3082 3.06919
-0.474941 -19.2807 3.06003
-1.07355 -19.2154 2.96998
-1.4616 -19.1396 2.93993
-2.07193 -19.0433 3.01943
-2.68568 -18.9404 2.9504
-3.28408 -18.835 2.94081
-3.85353 -18.7034 2.89384
-4.34261 -18.5629 2.80883
-4.3369 -18.5617 -2.76554
-4.39955 -18.7251 -1.87607
-4.51139 -19.3461 -1.58334
-4.44199 -19.9853 -1.29697
-4.19829 -20.594 -1.13262
-4.00511 -21.1796 -1.47259
-4.08518 -21.8157 -1.73195
-4.09814 -21.965 -0.936548
-4.05985 -21.9807 0.0838279
-4.02988 -21.9523 1.10941
-4.04504 -21.6553 1.61962
-4.06562 -21.102 1.61324
-4.07508 -20.5003 1.59914
-4.19236 -19.8863 1.87333
-4.38953 -19.2733 1.86557
-4.50941 -18.7831 1.79372
-4.51226 -18.7696 2.39231
-4.69353 -18.7512 3.04411
-5.29011 -18.6959 3.11302
-5.88036 -18.7143 -3.06988
-5.88832 -18.7123 -2.55197
-5.90209 -18.8086 -1.70354
-5.96377 -19.4148 -1.66545
-6.01105 -19.9788 -1.65997
-6.06371 -20.5703 -1.63332
-6.10031 -21.1938 -1.65762
-6.18714 -21.8095 -1.71625
-6.22831 -22.0992 -1.66044
-6.13735 -21.5129 -1.74864
-6.07576 -21.2405 -1.8782
-6.05685 -21.2197 -2.52437
-6.02153 -21.2114 -3.1311
-6.00652 -21.2196 2.53068
-5.99784 -21.2309 1.91674
-5.9761 -21.0052 1.47239
-5.92962 -20.4217 1.5359
-5.97144 -19.9741 1.88226
-6.14267 -19.3986 1.8492
-6.33126 -18.8076 1.89092
-6.42752 -18.5354 2.04272
-6.38065 -18.5824 3.1212
-6.78307 -18.7493 -2.7184
-7.22894 -18.8926 -2.86267
-7.82174 -19.0523 -2.8977
-8.41823 -19.1811 -2.9095
-8.98079 -19.3282 -2.88185
-9.51453 -19.5049 -2.80771
-9.90796 -19.6421 -2.83577
-9.89369 -19.6355 -2.30164
-9.87138 -19.7032 -1.26178
-9.84793 -19.7706 -0.426755
-9.82916 -19.7651 0.373063
-9.82294 -19.7609 1.3983
-9.83388 -19.7983 1.14517
-9.50575 -19.585 0.49024
-8.94532 -19.2647 0.604211
-8.43573 -18.8962 0.657681
-8.0057 -18.5279 0.716787
-7.52964 -18.2066 0.60156
-7.02069 -17.8636 0.635756
-6.531 -17.4752 0.653872
-6.02441 -17.0485 0.724478
-5.59804 -16.7258 0.455694
-5.5733 -16.7243 -0.0650898
-5.56346 -16.73 -0.704789
-5.6028 -16.6885 -1.03675
-5.6068 -16.6785 -1.59854
-5.59695 -16.6873 -2.19619
-5.57803 -16.6728 -2.75737
-6.05001 -16.7268 -3.04257
-6.60235 -16.706 3.04336
-7.22923 -16.6742 -3.13614
-7.8635 -16.6573 3.00908
-8.48495 -16.5946 3.09388
-9.24751 -16.4823 2.91856
-9.86466 -16.3722 2.99306
-10.4777 -16.2649 2.93388
-11.0956 -16.1543 3.00212
-11.1116 -16.1521 3.06883
-11.1329 -16.1745 -2.12408
-11.1325 -16.2202 -1.05484
-11.1039 -16.239 -0.420356
-10.7784 -16.2323 0.0339069
-10.1414 -16.189 0.0646781
-9.50139 -16.1599 0.0660999
-8.86438 -16.0945 0.123791
-8.24243 -15.9974 0.161349
-7.59471 -15.8917 0.17361
-7.45262 -15.8618 0.620303
-7.45179 -15.8631 1.61708
-7.51578 -15.3063 1.69524
-7.58242 -14.7031 1.66326
-7.58339 -14.6907 2.26293
-7.57666 -14.6914 3.06387
-8.15519 -14.6568 3.08299
-8.75838 -14.568 3.02542
-9.26075 -14.5329 3.08875
-9.23962 -14.5324 2.72001
-9.23957 -14.5325 2.06739
-9.2417 -14.5235 1.45074
-9.23162 -14.4997 0.911518
-9.21043 -14.4883 0.318191
-8.66615 -14.5005 -0.156549
-8.01827 -14.6079 -0.191739
-7.43848 -14.744 -0.259998
-7.35375 -14.7641 0.169344
-7.34302 -14.7437 1.0967
-7.38115 -14.4695 1.73716
-7.44751 -13.8426 1.6339
-7.49387 -13.1998 1.69717
-7.51016 -12.5548 1.53513
-7.50085 -11.9209 1.62175
-7.47384 -11.2847 1.44361
-7.40853 -10.6401 1.55434
-7.43781 -10.0564 1.69378
-7.4347 -9.50527 1.56833
-7.47854 -8.89065 1.65875
-7.48076 -8.85008 1.81547
-7.54476 -8.82568 2.74775
-8.12172 -8.75529 3.03855
-8.54286 -8.70672 3.00974
-8.52939 -8.70577 -2.63726
-8.52973 -8.70717 -1.64175
-8.52522 -8.71734 -0.715385
-8.49557 -8.71796 0.00339766
-7.86024 -8.60463 0.158666
-7.20688 -8.52173 0.0901295
-7.1155 -8.51099 0.647602
-7.11132 -8.4962 1.51084
-7.10252 -7.91328 1.59521
-7.12853 -7.36289 1.61604
-7.12845 -7.36329 2.45682
-7.33615 -7.34202 3.07107
-7.94772 -7.30975 3.12878
-8.55798 -7.30768 3.1066
-9.15523 -7.29389 3.12233
-9.34575 -7.27926 2.98918
-9.33068 -7.28465 2.41009
-9.46056 -7.00702 1.97591
-9.69496 -6.42544 1.97312
-9.7954 -6.19144 1.94955
-9.79643 -6.1513 1.39236
-9.78195 -6.10603 0.798583
-9.74716 -6.07185 0.303108
-9.70368 -6.07589 -0.331788
-9.69064 -6.08683 -0.888982
-9.39949 -6.49024 -0.958672
-9.01371 -6.98524 -0.862754
-8.78187 -7.20909 -0.164943
-8.19905 -7.28663 -0.114139
-7.5899 -7.33948 -0.0366072
-7.62628 -7.36429 0.403895
-7.65208 -7.37417 1.07809
-7.57276 -7.0575 1.34688
-7.43581 -6.422 1.40296
-7.35115 -5.76548 1.47471
-7.30387 -5.10515 1.55362
-7.32535 -4.47059 1.63989
-7.39004 -3.84266 1.69789
-7.38335 -3.21129 1.53354
-7.3739 -2.58123 1.58967
-7.41831 -1.94814 1.66617
-7.48918 -1.34712 1.70775
-7.52362 -1.13876 1.99299
-7.52674 -1.13873 2.93505
-8.11728 -1.11338 3.07754
-8.73761 -0.991882 2.93533
-9.33896 -0.880908 2.93052
-9.34417 -0.879874 -2.62529
-9.34404 -0.87959 -1.65555
-9.34912 -0.875531 -0.668971
-9.33121 -0.881823 0.244997
-9.31017 -0.870811 0.921972
-9.28583 -0.856254 0.249141
-9.06686 -0.895597 -0.243094
-8.48349 -1.03934 -0.230657
-7.89823 -1.18814 -0.273719
-7.36113 -1.33544 -0.259747
-7.36893 -1.33402 0.474283
-7.36233 -1.29318 1.36081
-7.24481 -0.687446 1.29279
-7.05846 -0.095598 1.27315
-6.95948 0.525141 1.44855
-6.862 1.13782 1.40974
-6.77958 1.76128 1.45459
-6.69443 2.35979 1.41618
-6.59603 2.96228 1.40906
-6.48061 3.53153 1.36349
-6.3703 4.08686 1.36097
-6.31774 4.33619 1.49995
-6.32121 4.35041 2.55896
-6.36044 4.35621 -2.94331
-6.38865 4.33376 -1.99635
-6.38654 4.32032 -0.955702
-6.39424 4.32535 -0.0899298
-6.41554 4.33598 -0.306687
-6.42137 4.3407 -0.866851
-6.4194 4.3366 -1.48127
-6.44867 4.08905 -1.71052
-6.53357 3.52331 -1.71194
-6.61546 2.89599 -1.71877
-6.71533 2.26853 -1.73221
-6.80644 1.63704 -1.72916
-6.92076 1.01217 -1.75442
-6.95163 0.819963 -1.27293
-6.95374 0.820744 -0.348984
-6.60093 0.81734 0.00523941
-5.97624 0.79216 -0.0867446
-5.35453 0.732283 -0.0718913
-4.76236 0.691253 -0.0993705
-4.17787 0.625307 -0.0969488
-3.58561 0.576241 -0.0983138
-2.93022 0.492792 -0.139277
-2.27592 0.405274 -0.149065
-1.62805 0.285084 -0.203832
-1.10807 0.182535 -0.210932
-1.08276 0.193208 0.640122
-1.06771 0.302092 1.55523
-1.03131 0.961555 1.49534
-0.975629 1.6057 1.4626
-0.890054 2.21596 1.46024
-0.850047 2.82719 1.5176
-0.806375 3.41294 1.51623
-0.799173 3.57661 1.69714
-0.806103 3.58545 2.72109
-0.795727 3.58576 -2.58359
-0.77669 3.59622 -1.58392
-0.761528 3.58611 -0.610121
-0.742252 3.57233 0.0749094
-0.713862 3.56301 -0.497937
-0.691689 3.54309 -1.05784
-0.684961 3.52733 -1.64466
-0.804566 2.97116 -1.80251
-0.956576 2.42923 -1.88743
-1.00721 2.22936 -1.50479
-0.906155 1.59017 -1.45402
-0.87085 1.14055 -1.567
-0.871184 1.19001 -1.56191
-0.928512 0.550237 -1.80874
-1.14513 -0.0444789 -1.99975
-1.30414 -0.375956 -2.06698
-1.3041 -0.376617 -1.48563
-1.28701 -0.392572 -0.466964
-1.25909 -0.403315 0.545043
-1.24974 -0.383409 1.52972
-1.25105 -0.37964 2.42803
-1.5654 -0.227595 2.70166
-2.10115 0.038629 2.63107
-2.63318 0.357418 2.59525
-3.18458 0.652996 2.83123
-3.79611 0.764747 3.05199
-4.39452 0.716711 -2.93319
-4.40793 0.713787 -2.45529
-4.69018 0.297742 -2.18336
-5.04573 -0.218968 -2.16894
-5.33687 -0.63517 -2.23801
-5.75354 -1.18319 -2.24178
-6.12746 -1.62774 -2.30793
-6.54637 -2.11839 -2.28457
-6.86615 -2.49712 -2.33139
-6.87639 -2.51088 -1.64097
-6.86968 -2.98563 -1.57862
-6.83975 -3.54562 -1.50637
-6.7837 -4.11633 -1.50922
-6.73492 -4.75904 -1.48212
-6.66974 -5.3951 -1.49814
-6.69419 -5.50907 -1.8647
-6.84252 -6.05856 -1.80219
-6.95869 -6.61541 -1.78853
-7.06569 -7.15068 -1.77969
-7.1855 -7.7321 -1.80255
-7.30268 -8.23319 -1.83858
-7.2318 -8.49558 -1.28974
-7.08276 -9.15926 -1.54357
-7.0975 -9.68015 -1.61882
-7.12393 -10.306 -1.66205
-7.18108 -10.9196 -1.6797
-7.24698 -11.5336 -1.73327
-7.3418 -12.1337 -1.76083
-7.45436 -12.6944 -1.82479
-7.57696 -13.1705 -1.80856
-7.57722 -13.1693 -1.3046
-7.41051 -13.7364 -1.28895
-7.23701 -14.3319 -1.31295
-7.07322 -14.9421 -1.32269
-6.91663 -15.5491 -1.32453
-6.75339 -16.2056 -1.41221
-6.65936 -16.8414 -1.49808
-6.61032 -17.4657 -1.56344
-6.6074 -18.0618 -1.63448
-6.62551 -18.5182 -1.65044
-6.62072 -18.5429 -0.98425
-6.63937 -18.5355 -0.0160554
-6.09158 -18.5184 0.0535036
-5.49504 -18.5392 -0.112017
-4.87511 -18.5986 -0.0784645
-4.25865 -18.6723 -0.163767
-3.65146 -18.7859 -0.217005
-3.13147 -18.8998 -0.212214
-2.52069 -19.0312 -0.123645
-1.90335 -19.1119 -0.180187
-1.27883 -19.2404 -0.235469
-1.1006 -19.2855 -0.1713
-0.692257 -19.2221 0.156743
-0.115861 -19.1312 0.138585
0.490259 -19.0949 -0.0158615
1.12298 -19.1287 -0.254035
1.72646 -19.2984 -0.325189
2.32991 -19.4706 -0.0731289
2.96228 -19.4975 0.0080944
3.58565 -19.4839 0.00166395
4.17298 -19.5231 -0.158542
4.71949 -19.5944 -0.160368
5.24822 -19.6839 -0.247629
5.7182 -19.7925 -0.274084
6.16285 -19.9119 -0.340918
6.75802 -20.0711 -0.261424
7.34644 -20.2424 -0.28891
7.96667 -20.3669 -0.223632
8.58375 -20.4434 -0.0370144
9.20151 -20.4807 -0.1011
9.81774 -20.5556 -0.108142
10.2633 -20.6099 -0.167112
10.2969 -20.6026 0.686361
10.3049 -20.5949 1.58313
10.3077 -20.6239 1.64259
10.3107 -20.6531 1.64084
10.2867 -20.3214 1.64096
10.2417 -19.7367 1.64656
10.3146 -19.1548 1.36152
10.447 -18.5527 1.39329
10.5515 -17.9468 1.39784
10.6492 -17.3384 1.41068
10.7778 -16.7208 1.38457
10.8915 -16.1099 1.43072
10.9988 -15.503 1.4186
11.0887 -14.8992 1.46561
11.1692 -14.3054 1.47248
11.2177 -13.7763 1.51715
11.2598 -13.1779 1.51404
11.2794 -12.5824 1.5717
11.2824 -11.9862 1.59225
11.2592 -11.3669 1.62883
11.238 -10.7489 1.59237
11.2321 -10.1311 1.60629
11.2086 -9.51837 1.61407
11.1931 -8.90934 1.60343
11.169 -8.29677 1.62837
11.1555 -7.71189 1.59588
11.133 -7.09798 1.6287
11.108 -6.51422 1.61877
11.0681 -5.92565 1.66488
11.0011 -5.32227 1.69089
10.949 -4.67996 1.62528
10.9253 -4.27946 1.64603
10.9547 -4.30286 2.36073
10.4912 -3.94686 2.50795
10.0516 -3.55027 2.18511
9.68537 -3.08227 2.27648
9.33676 -2.58667 2.09536
8.99844 -2.05372 2.15206
8.64534 -1.56086 2.21286
8.24952 -1.08186 2.28848
7.83584 -0.652363 2.37828
7.59783 -0.432912 2.53573
7.4988 -0.417699 3.01045
6.94309 -0.361781 3.06496
6.32794 -0.320636 3.02303
5.72026 -0.256495 3.06604
5.08241 -0.258535 -3.10102
4.47022 -0.210783 3.00808
3.84565 -0.17244 3.09349
3.07607 -0.137161 3.10094
2.48985 -0.123983 3.0449
1.93086 -0.0628553 3.05321
1.33508 -0.0398115 3.1139
0.71897 -0.00600458 3.101
0.0970178 0.0202404 3.06152
0.0426571 0.0243942 3.05534
0.0487981 0.0242792 -3.14003
-0.578798 0.0269802 -3.11261
-1.20799 -0.00931674 -3.09395
-1.36975 -0.0165169 -3.08572
-1.35309 -0.00813886 -2.16535
-1.36357 -0.171509 -1.59932
-1.38206 -0.734931 -1.61977
-1.43383 -1.36612 -1.70367
-1.53687 -2.02043 -1.7612
-1.66009 -2.67399 -1.76031
-1.79837 -3.32546 -1.80889
-1.84325 -3.50127 -2.02729
-1.84221 -3.5004 -2.65467
-1.79274 -3.52347 3.05019
-2.11118 -3.39686 2.80703
-2.69984 -3.26754 2.89445
-3.31386 -3.08936 2.85956
-3.26893 -3.09147 -2.80182
-3.22096 -3.0992 -1.79715
-3.22462 -3.13667 -0.821217
-3.18033 -3.18214 0.136653
-3.18848 -3.19052 1.11831
-3.16421 -3.14698 1.01407
-3.15034 -3.13094 0.643648
-3.18267 -3.14278 0.10697
-2.89086 -3.20902 -0.192608
-2.31253 -3.30809 -0.167617
-1.72754 -3.37808 -0.0834428
-1.04228 -3.45613 -0.171834
-0.392442 -3.54797 -0.128219
0.0491973 -3.61593 -0.190217
0.0960636 -3.62225 0.548206
0.126379 -3.50239 1.58088
0.0999541 -3.45414 2.55856
0.192883 -3.47472 -2.71006
0.185536 -3.48206 -1.76589
0.0410201 -4.10877 -1.84026
-0.141998 -4.77824 -1.82991
-0.284737 -5.26478 -1.94604
-0.290017 -5.2721 -2.507
-0.267506 -5.26043 -3.10129
-0.539731 -5.19789 2.91877
-1.11885 -5.10962 3.04241
-1.67424 -5.03772 2.98775
-1.65531 -5.03735 -2.86005
-1.64268 -5.02902 -2.18354
-1.64382 -5.03186 -2.01138
-1.64424 -5.03257 -2.54725
-2.12112 -5.27734 -2.67284
-2.57518 -5.49984 -2.74006
-2.54165 -5.4996 3.03489
-3.06459 -5.4196 3.00186
-3.63524 -5.33516 3.01971
-3.6322 -5.33555 -2.86169
-3.65107 -5.36996 -2.05917
-3.90671 -5.99035 -2.01578
-4.15694 -6.56654 -1.95555
-4.16755 -6.59341 -2.44618
-4.59854 -6.87258 -2.57154
-4.76859 -6.98425 -2.29357
-4.76291 -7.03164 -1.26322
-4.68178 -7.07543 -0.297645
-4.7101 -7.08156 0.700722
-4.33498 -6.5858 0.936904
-3.94315 -6.07027 0.928534
-3.57093 -5.54715 0.915343
-3.51272 -5.47264 0.820633
-3.50214 -5.46315 0.207055
-2.97579 -5.43248 0.0310066
-2.36888 -5.41783 0.0164596
-1.81234 -5.42076 -0.0479985
-1.79919 -5.43342 -0.451674
-1.7682 -5.46102 -1.0409
-1.76838 -5.46008 -1.61162
-1.85085 -5.78309 -1.82678
-2.02671 -6.37762 -1.88342
-2.23402 -6.93959 -1.97939
-2.24004 -6.95487 -1.61615
-2.18104 -7.21956 -1.35012
-2.18185 -7.22937 -1.74365
-2.30925 -7.8397 -1.77733
-2.4474 -8.47634 -1.80492
-2.60279 -9.09898 -1.82271
-2.72889 -9.57646 -1.84784
-2.72808 -9.58583 -1.59159
-2.6974 -10.2134 -1.58365
-2.75147 -10.8583 -1.68746
-2.82765 -11.467 -1.73687
-2.99901 -11.9965 -1.83802
-3.03454 -12.5768 -1.49143
-3.00011 -13.2173 -1.58669
-3.00912 -13.8352 -1.56955
-3.00534 -14.4198 -1.58563
-2.9923 -15.0696 -1.54926
-2.98927 -15.1686 -1.67691
-2.9882 -15.1666 -2.2839
-2.97899 -15.1602 -2.71537
-3.54062 -15.3667 -2.77888
-3.72914 -15.4337 -2.89735
-3.7232 -15.4357 2.83571
-4.27147 -15.2534 2.85273
-4.82756 -15.1271 2.95159
-5.45152 -15.0044 2.96519
-5.52998 -14.9921 -2.97812
-5.52424 -14.9982 -1.92073
-5.52349 -14.9946 -0.933245
-5.50461 -15.0051 0.0824834
-4.9145 -14.9382 0.0963096
-4.13867 -15.061 -0.33524
-3.52553 -15.2771 -0.354746
-2.97622 -15.5041 -0.39325
-2.72115 -15.6103 -0.490043
-2.70886 -15.6223 -1.04569
-2.70885 -15.6222 -1.60726
-2.76206 -15.9261 -1.79103
-2.91496 -16.5609 -1.8071
-3.03578 -17.0709 -1.88094
-3.03157 -17.0609 -2.36137
-3.01833 -17.0481 -2.91046
-3.37958 -17.0044 3.00714
-3.97567 -16.9561 3.09578
-4.55488 -16.9197 3.06445
-5.13127 -16.8716 3.03823
-5.70487 -16.8114 3.05721
-6.28351 -16.7976 3.129
-6.87167 -16.7962 3.12204
-6.92219 -16.7964 -2.70038
-6.99749 -16.8854 -1.78652
-6.9948 -16.8978 -0.790083
-6.96772 -16.8974 0.255124
-6.94471 -16.8863 1.26043
-7.00922 -16.5711 1.80268
-7.15015 -15.9492 1.75178
-7.25419 -15.3447 1.76041
-7.38676 -14.7758 1.86985
-7.51784 -14.1754 1.73957
-7.58261 -13.5722 1.64559
-7.60949 -12.9317 1.5089
-7.51372 -12.2976 1.41931
-7.42629 -11.6634 1.47756
-7.3681 -11.0186 1.47227
-7.32431 -10.3759 1.55789
-7.31748 -9.83719 1.53485
-7.31776 -9.83615 2.0234
-7.26241 -9.82194 2.95973
-7.21485 -9.8024 -2.42031
-7.21847 -9.85445 -1.59882
-7.22433 -10.4415 -1.59232
-7.21953 -11.0773 -1.56081
-7.21964 -11.6772 -1.62352
-7.24542 -12.3016 -1.61466
-7.28525 -12.9312 -1.6837
-7.36759 -13.5453 -1.71743
-7.46198 -14.1676 -1.76115
-7.57861 -14.778 -1.75916
-7.70683 -15.3922 -1.80643
-7.8416 -15.9984 -1.77714
-7.89486 -16.2533 -1.7842
-7.89436 -16.2494 -0.956353
-7.83717 -16.2636 -0.244422
-7.22118 -16.4096 -0.21919
-6.58617 -16.5214 -0.149743
-5.9561 -16.6288 -0.1821
-5.32255 -16.7207 -0.11602
-4.66672 -16.8031 -0.153228
-4.03749 -16.8902 -0.135242
-3.37469 -16.994 -0.113616
-3.04391 -17.0323 -0.105659
-3.01207 -17.0315 0.814387
-3.00663 -16.9455 1.61183
-3.00364 -16.3431 1.47974
-2.96576 -15.7663 1.52173
-2.94104 -15.1402 1.57401
-2.93907 -14.514 1.40128
-2.83913 -13.8964 1.41249
-2.77234 -13.2671 1.67125
-2.79344 -12.6523 1.45647
-2.73998 -12.0197 1.52541
-2.71878 -11.3975 1.58116
-2.73292 -10.7726 1.60402
-2.76711 -10.1807 1.51399
-2.65579 -9.58612 1.36708
-2.55008 -9.0207 1.39654
-2.46745 -8.42825 1.45765
-2.33274 -7.81442 1.37141
-2.22296 -7.18689 1.43594
-2.13861 -6.56275 1.43386
-2.07633 -5.94281 1.45427
-1.94674 -5.33144 1.38442
-1.83073 -4.72327 1.43776
-1.76523 -4.12469 1.51493
-1.68688 -3.41503 1.29793
-1.52768 -2.82375 1.36167
-1.48776 -2.29187 1.5857
-1.46737 -1.73939 1.57141
-1.47599 -1.14915 1.52075
-1.44996 -0.498646 1.55134
-1.46523 0.0882586 1.64208
-1.46462 0.0864515 1.18933
-1.45502 0.0965387 0.592023
-1.4433 0.0997862 0.032396
-0.866243 0.0293762 -0.150512
-0.247031 -0.0605852 -0.136748
-0.141536 -0.075212 -0.153479
-0.141536 -0.075212 -0.154141
