read
noise
prepped
optimized
0.55371 0.185772 -0.386891
14.9966 12.5683 2.75592
16.3987 10.8231 5.57891
18.9138 7.21239 1.57987
22.9781 4.101 4.07577
24.0863 6.72317 0.561729
29.0494 11.0395 7.18806
23.3958 -8.28952 -1.81931
35.8893 2.68917 -1.03207
37.0052 2.82988 -4.13836
39.2783 2.9733 2.57497
42.9873 6.55469 -0.885428
47.7269 10.2127 0.285041
50.9094 22.8973 6.51849
55.6091 24.0349 9.24537
48.1293 22.9453 -8.921
49.2104 23.2138 -3.74263
46.1725 24.3198 -3.69697
44.9772 35.3606 0.90974
36.6321 34.827 -17.0741
29.4315 40.0799 -17.3133
29.6069 33.2336 -12.7998
27.3986 37.4082 -16.5117
25.5712 42.4378 -10.4734
24.4939 46.2672 -4.77692
10.4543 50.31 -20.8867
19.4332 69.4586 14.0406
12.6472 65.4986 14.0185
8.0361 58.9204 25.0728
4.16735 60.7065 19.0772
0.135125 65.723 22.531
-2.01593 66.7029 15.6966
-8.69516 77.2677 15.7154
-20.8076 59.2862 -6.4602
-17.4123 59.6561 5.59816
-24.7705 57.5247 0.649478
-32.6587 59.6142 -1.51573
-41.4524 62.1503 0.568697
-39.6937 52.9185 -2.36827
-39.5535 54.5295 -4.50789
-40.8017 54.2378 -4.07453
-45.2246 59.2509 -4.18594
-52.9809 60.6131 1.79997
-57.6403 64.9881 3.65187
-4.32873 120.966 8.69816
17.8159 150.369 142.166
-7.99097 173.011 176.128
167.645 84.1291 129.904
68.2917 132.742 52.4349
-18.6297 111.87 336.49
44.2264 201.104 337.642
165.95 287.959 284.665
216.628 353.281 404.596
222.002 385.509 368.788
-40.3854 104.358 60.5318
-40.9822 117.165 59.8552
-47.8739 109.443 6.67259
-48.7133 106.662 -3.62117
-50.4179 113.086 -3.16363
-41.1736 121.178 4.99065
-48.0437 117.962 -8.12029
-40.225 122.908 -6.42743
-34.4937 130.457 2.20523
-31.4556 132.821 -0.185008
-28.554 135.46 5.2681
-27.407 142.299 0.462571
-25.6904 138.531 -6.98746
-28.9671 143.687 -7.15186
-24.013 147.391 -3.12754
-23.6757 150.303 -2.59344
-8.93076 161.775 10.4429
-8.20763 162.155 3.96991
-9.63514 164.914 1.98278
-7.63182 183.278 21.0652
-14.0071 174.277 0.0521366
-15.5192 176.942 3.31603
-19.0051 181.307 5.17372
-30.3071 179.781 -4.28221
-26.2831 182.56 -2.55788
-22.4498 188.391 -4.49557
-19.252 194.151 -3.34086
-18.4245 196.649 -0.497008
-17.5473 198.597 -5.95664
-14.2002 201.962 -5.24874
-9.96663 204.779 -2.75924
-10.3268 207.737 -7.80395
-8.80946 212.891 1.51283
-8.86177 220.722 2.76991
-15.4298 219.021 -7.11992
-23.8309 215.304 -24.273
-24.1962 223.154 -16.7673
-23.0375 230.741 -8.36148
-27.8941 230.182 -12.4196
-31.2086 234.339 -15.6016
-33.3547 234.649 28.9306
-36.1865 235.23 5.02874
-44.003 236.041 -9.81709
-44.5375 247.913 -8.7226
-42.3936 248.529 1.73531
-48.568 248.337 3.50885
-53.285 250.677 -2.68451
-58.4957 257.747 -5.60147
-65.0963 253.018 -9.00302
-66.4077 255.764 -9.25978
-69.418 254.523 -9.0412
-72.3837 253.87 -11.0212
-75.2914 251.53 -6.44112
-75.6921 249.131 -5.31928
-76.9266 243.76 -2.99982
-77.7142 239.586 -3.16595
-77.3577 234.047 -4.21626
-73.7431 232.192 -4.01041
-66.6845 231.429 -5.77406
-57.5455 230.314 -4.18987
-57.088 231.404 -5.64987
-58.0672 221.952 -6.14869
-60.967 217.057 -7.35641
-52.0118 219.285 -7.41621
-44.2714 218.286 -4.03981
-43.6228 213.857 -5.36359
-38.1647 213.077 -4.91327
-34.4939 211.117 -2.06713
-32.8045 206.849 -3.06742
-32.3464 200.638 -3.92255
-26.6109 197.171 -5.15078
-20.5586 201.046 -8.00661
-22.2951 197.076 -5.79505
-23.3129 193.756 -4.33266
-22.5565 191.517 -6.81652
-25.368 187.251 -6.44118
-26.2743 184.054 -3.07994
-29.2591 178.39 -3.74998
-31.8303 174.519 -3.95723
-34.0978 171.354 -3.68915
-36.1126 169.228 -3.88698
-38.3675 166.12 -4.64383
-41.1326 161.836 -3.33585
-43.4764 158.891 -2.79182
-46.9202 155.468 -2.9428
-49.0993 155.266 -4.95748
-53.2022 160.392 -4.53861
-57.3408 159.724 0.00486144
-60.6235 162.953 1.95138
-64.2641 164.35 1.20644
-67.7062 165.91 1.87265
-72.8687 167.325 -2.58253
-78.8196 166.968 -10.7667
-80.5338 170.957 -7.37664
-84.1589 174.922 -3.29806
-87.9271 175.835 -5.93699
-90.3763 178.659 -3.99279
-93.2785 181.914 -3.37995
-96.2046 185.922 1.59009
-100.255 186.95 -2.24221
-104.53 188.691 -0.845959
-106.631 193.952 5.06513
-111.277 194.835 -5.41038
-114.085 192.933 -0.0645184
-119.088 192.98 -4.79131
-122.465 188.983 -8.26914
-123.173 183.54 -5.83752
-122.041 180.736 -2.66803
-118.614 177.691 -2.0413
-117.265 173.745 -4.05384
-112.666 171.065 -2.79179
-107.025 168.652 -0.31654
-104.422 166.66 -2.37623
-102.142 164.34 -3.35111
-98.5082 162.124 -2.79315
-93.6433 160.539 -0.335617
-91.8638 156.556 -1.3407
-88.7535 153.929 -0.971152
-84.6622 150.692 0.423261
-82.7088 147.652 -2.9443
-78.7772 143.851 1.63025
-77.4929 140.929 -3.05174
-72.6157 138.471 0.331068
-66.5216 138.156 3.86171
-59.7107 141.617 8.94438
-52.1927 145.144 11.2829
-52.5737 146.401 16.6397
-49.7242 143.125 -4.09521
-45.1554 153.239 7.85166
-46.3295 158.078 3.90702
-44.9012 154.509 1.83928
-43.2819 158.31 -1.77817
-37.6699 162.09 -2.96667
-37.7991 164.692 -3.36024
-35.4484 168.71 -6.12417
-33.8123 170.415 -3.96663
-31.1783 174.45 -4.77458
-29.8723 178.362 -3.47516
-28.3627 181.755 -7.43809
-31.7205 185.57 -3.92514
-38.0949 191.19 -6.2544
-39.4149 192.662 -6.96982
-42.1506 195.182 -9.24766
-54.9849 190.742 -16.053
-55.9229 189.674 -17.3251
-54.0988 198.485 -10.4947
-57.5051 204.76 -10.964
-64.0744 212.873 -11.1839
-60.7284 211.711 -2.47317
-61.3173 224.843 11.6768
-71.6254 212.178 -3.98343
-75.3443 219.122 -3.53333
-57.014 228.458 19.9167
193.165 333.346 388.441
117.118 369.95 441.46
-84.372 227.056 4.26017
-90.2213 229.553 1.64675
-86.918 234.898 0.406526
-83.3865 236.151 -0.555764
-80.9399 238.671 0.257222
-74.6112 240.38 2.34004
-71.5584 237.23 -2.85365
-67.2916 234.937 -5.45434
-70.0812 228.108 -2.44075
-61.0585 231.8 1.48274
-63.8276 226.464 -1.14761
-58.7359 220.741 -4.35698
-54.1626 218.853 -4.82097
-55.2526 215.325 -5.50581
-49.3912 216.285 0.769209
-40.2103 218.142 1.80713
-38.6658 213.684 -0.510458
-36.448 209.521 -1.2098
-35.2119 201.651 -2.33114
-33.0123 202.491 -3.31073
-36.7758 190.116 -7.95487
-25.7316 195.893 -2.35875
-23.5908 196.376 1.46338
-17.2888 197.566 -2.29351
-8.36465 203.222 -0.250036
-7.05861 206.203 -2.72474
-6.23867 213.478 3.62754
-6.67333 220.721 5.7693
-15.4653 219.928 1.88284
-14.4975 220.882 2.47574
-20.6024 224.986 -1.01929
-21.168 226.341 0.469508
-25.791 227.965 -2.54717
-29.8122 229.417 -2.16069
-36.1999 236.34 -4.72096
-38.4072 230.754 -8.56507
-42.0089 240.621 -3.98827
-43.9178 242.148 -2.39839
-53.4753 241.287 -12.5806
-58.0234 243.447 -9.57673
-59.0361 247.93 -10.2289
-58.6566 251.707 -8.7984
-65.1713 251.846 -12.5066
-69.3738 251.56 -9.28409
-92.9361 240.417 -13.1558
-73.6731 254.845 -3.88042
-78.1134 252.226 -6.14336
-78.3191 249.144 -3.86992
-79.6253 245.247 -0.873026
-82.0181 241.252 -3.6647
-84.6506 238.563 -3.96515
-87.1328 236.12 -4.71456
-88.793 234.257 -0.584307
-93.8745 229.104 -0.288735
-96.8717 225.108 -1.2306
-99.2927 221.803 -2.25768
-102.9 217.758 0.0747694
-104.424 214.219 0.400197
-107.532 210.352 -2.47102
-110.854 207.614 -2.60763
-112.174 204.28 -1.37136
-114.882 199.205 -2.79645
-116.015 197.792 -1.73197
-118.63 194.172 -1.21878
-121.382 190.206 -3.17944
-123.514 185.937 -1.65163
-123.556 182.452 -1.50947
-122.989 178.949 -1.43324
-121.078 175.962 -1.02129
-118.461 170.238 -2.21869
-115.637 167.624 -3.91686
-109.543 166.408 -0.116109
-107.359 164.157 -1.26047
-100.403 163.331 5.28998
-96.9201 161.45 0.623928
-88.81 162.99 11.6626
-88.6829 158.716 2.15941
-85.9774 156.583 0.605263
-81.5311 152.957 1.49616
-78.3251 149.11 1.17391
-76.1145 146.123 2.4307
-74.0871 143.58 1.50395
-69.9765 142.57 1.52851
-67.4941 138.389 -0.244107
-62.333 137.725 1.9092
-56.5434 140.942 4.0314
-55.8081 130.665 -2.45033
-52.8223 146.776 10.6341
-55.8848 148.159 -0.60705
-53.235 149.43 -0.585932
-51.4014 153.995 -1.51719
-57.4035 154.706 -3.70816
-63.4378 153.684 -10.1102
-64.4031 160.666 -1.29433
-66.1991 162.956 0.586343
-70.945 163.723 -2.68222
-73.8897 167.409 1.89228
-79.8368 168.539 -6.61243
-83.3171 169.78 -11.7655
-89.6153 167.323 -21.6198
-87.6535 178.135 3.17719
-91.7264 179.216 0.0979199
-95.6184 181.297 -1.90542
-96.9956 186.083 4.25502
-105.357 184.171 -6.28175
-110.312 181.969 -19.7907
-107.967 193.97 2.78711
-109.289 198.414 7.55276
-110.715 200.586 1.9221
-110.678 201.685 -1.55392
-109.717 205.139 -4.35818
-104.707 208.516 -0.686751
-101.506 207.647 0.480849
-97.5642 206.251 0.498978
-93.8478 203.36 -0.76842
-91.1517 200.958 3.60751
-88.7964 197.152 0.685436
-85.2042 195.33 3.07627
-82.084 191.636 0.792327
-78.3676 188.621 1.46085
-74.8569 186.399 2.35423
-71.8442 182.429 1.43776
-68.5477 179.931 0.0342223
-62.477 178.917 4.67574
-57.9498 174.125 1.22269
-56.4691 167.491 2.73726
-51.793 167.419 4.0409
-50.9734 169.487 6.43978
-44.9039 167.311 6.72646
-42.9243 163.28 1.4708
-43.185 160.456 2.85008
-43.9669 156.13 2.07552
-47.2991 153.739 3.07041
-50.5895 157.114 6.27248
-55.9912 156.712 5.99484
-62.2282 154.803 -2.92251
-64.5777 158.042 -2.55842
-66.6494 161.215 1.88915
-65.706 170.619 13.3236
-70.063 169.96 6.89329
-74.0289 172.49 6.48849
-77.4096 174.183 6.78467
-82.0646 176.924 5.0749
-82.255 180.267 14.3134
-89.952 180.492 2.23808
-96.5385 180.653 -5.85469
-100.216 180.457 -9.6327
-98.8011 189.041 9.49957
-102.873 196.055 14.2161
-105.03 196.259 12.817
-110.859 191.283 -0.12982
-115.069 192.682 1.02603
-119.307 191.522 -1.04222
-122.88 189.231 -0.454134
-123.955 187.346 3.49602
-122.504 182.763 6.14214
-122.445 176.39 0.954786
-119.074 174.491 2.38524
-116.274 171.185 2.36254
-113.605 167.682 1.91374
-109.716 164.874 2.27748
-106.859 162.129 2.69295
-101.661 160.317 5.44628
-99.1932 157.611 2.59672
-94.4469 154.979 7.08574
-91.2482 153.387 6.0293
-88.1323 150.083 5.80311
-85.5177 147.613 1.75687
-82.0832 145.564 1.20916
-78.5525 143.34 0.522435
-75.704 140.181 2.58113
-69.7124 139.643 7.0897
-67.3411 137.173 5.9434
-61.3742 136.906 5.1467
-56.9271 139.331 4.84386
-57.0296 142.823 0.546562
-55.8194 144.215 0.173992
-52.0015 148.341 3.28696
-47.1025 153.069 7.6342
-43.7534 153.993 3.64734
-41.8175 156.496 2.69258
-40.7639 161.665 4.29127
-37.4015 165.923 0.52845
-31.0866 169.633 5.10192
-31.7906 169.585 2.09597
-29.2319 175.298 1.16673
-27.1114 178.871 2.45481
-24.2677 185.282 3.046
-22.9981 185.841 2.78912
-21.7982 188.469 3.11631
-21.4627 190.371 3.69905
-15.8603 195.516 5.76425
-12.558 197.152 -3.12155
-8.61096 202.574 5.41287
-9.35427 208.014 -1.62431
-12.457 211.701 2.97157
-12.3781 216.959 -1.1106
-13.7883 215.338 -4.03645
-15.6599 219.406 -1.95246
-18.0252 222.765 2.02278
-23.6219 226.978 -1.30262
-35.4241 224.226 -11.6375
-33.2356 225.82 -5.55505
-32.5011 233.234 -1.11751
-34.656 241.71 5.85138
-38.1034 239.537 1.44784
-43.6863 244.856 -1.20852
-46.7682 243.082 -1.60343
-51.0964 246.843 -6.64553
-56.5999 246.195 -5.64132
-57.4673 247.237 -5.40007
-62.0674 258.354 0.954833
-65.5614 254.662 -3.3548
-79.3445 248.368 -11.3589
-72.7068 254.439 2.78317
-75.6837 251.906 1.09545
-76.8467 249.65 2.11113
-76.7236 246.132 2.73202
-76.8047 241.202 1.50318
-75.7566 238.156 2.72116
-77.7943 233.75 -0.39322
-74.9081 231.885 -1.57261
-71.6712 229.857 -0.635667
-62.2374 228.455 2.74373
-54.4683 226.471 3.1026
-50.3547 228.196 4.47129
-50.7612 221.381 3.12656
-48.1115 216.538 3.82283
-47.6921 212.689 2.16981
-45.6965 205.573 0.340636
-40.8857 205.355 1.30137
-47.2246 197.152 2.49831
-44.3149 198.115 3.55685
-29.7075 202.192 5.54358
-17.381 202.789 3.55155
-23.4022 196.44 2.10005
-19.8578 194.999 2.41981
-19.807 190.922 1.45158
-21.5834 188.737 0.519243
-26.55 184.436 2.49209
-30.6003 186.852 2.98747
-35.4686 185.918 -0.794548
-40.1947 190.192 -0.880377
-43.6478 191.007 -5.8967
-49.5306 197.386 -8.39787
-49.225 196.945 -3.32338
-50.7105 208.274 -0.124354
-51.9543 210.708 -4.37871
-55.087 211.663 2.73832
-63.2759 211.76 1.36913
-65.9135 212.557 2.47222
-68.022 213.44 4.96133
-73.4218 219.208 6.62552
-76.891 224.521 3.79523
-83.1782 214.185 -3.79541
-53.471 250.246 79.9582
-84.6536 228.496 11.1591
-88.247 230.834 8.06036
-87.4418 232.739 5.83506
-85.6458 236.64 7.37393
-82.2406 239.361 7.5453
-79.9597 239.58 3.06287
-74.3375 238.091 4.18432
-71.7562 234.502 3.68725
-69.0142 231.981 2.92558
-65.4372 228.836 4.46505
-62.3997 225.787 4.48654
-59.2261 222.824 4.2221
-55.1513 219.135 4.08036
-51.0517 217.285 4.89871
-47.2954 215.032 7.59618
-45.0625 211.473 5.36049
-41.6477 209.127 4.81352
-37.1565 207.527 6.33636
-34.7085 205.199 5.14392
-31.5067 202.039 5.55439
-28.024 199.236 5.51298
-25.4279 196.088 5.5747
-20.5472 194.924 7.12122
-16.9675 195.212 7.10001
-12.7565 199.493 9.45544
-9.69799 199.95 8.45687
-1.75378 211.026 11.5293
-6.41601 210.009 3.49244
-8.52362 213.905 1.88112
-12.0108 214.066 -1.45219
-13.8303 217.095 2.43111
-17.2247 222.804 4.25934
-19.6974 223.918 5.09459
-23.6391 225.342 2.55294
-26.2058 229.239 2.70621
-30.94 229.21 4.09415
-34.2188 234.506 2.71039
-39.5698 232.465 3.48652
-45.317 238.403 -2.43189
-44.1253 241.897 5.08085
-47.2586 246.492 4.22908
-51.0284 248.668 5.55593
-53.2766 249.792 7.94153
-60.5436 247.889 -0.684008
-65.1567 251.59 0.0775269
-67.2222 255.096 3.82156
-70.0266 253.86 0.592062
-75.3022 252.461 1.0924
-76.4068 251.389 5.31603
-78.9695 249.759 3.22592
-78.774 247.237 1.81532
-86.224 244.335 4.54168
-88.8133 239.275 3.67312
-91.7803 233.399 4.09412
-94.0011 231.041 5.58637
-96.7354 227.701 5.51795
-98.6023 224.402 4.8757
-100.852 220.955 5.8146
-103.852 218.245 6.29415
-106.115 214.637 6.13843
-108.735 211.622 5.66804
-110.88 208.586 3.96032
-114.02 204.602 5.10146
-115.387 201.265 4.91267
-117.676 199.656 6.04968
-121.325 193.843 4.81695
-121.366 191.111 4.50745
-124.262 185.005 4.39805
-124.45 182.265 5.86211
-122.523 177.859 5.58709
-119.473 174.884 3.74562
-116.722 171.269 3.6005
-113.493 168.413 2.68153
-110.871 165.765 3.45836
-106.227 164.596 4.66887
-102.008 162.844 6.12862
-97.4327 161.14 6.66685
-93.9503 158.399 7.05069
-90.3882 156.896 6.77301
-86.776 154.765 7.67688
-84.3576 150.791 6.25805
-81.1244 147.765 5.04556
-77.563 144.709 5.84971
-74.8653 143.115 5.5994
-71.0929 139.263 4.54725
-66.2454 138.708 4.9183
-61.4135 139.079 5.04099
-56.6895 142.279 8.86761
-53.9418 143.947 10.1907
-50.3823 147.421 7.13421
-53.3959 149.944 5.58103
-48.9682 160.149 18.8198
-60.7521 154.669 1.00145
-66.0409 155.72 -2.67635
-70.5919 157.295 -3.96579
-69.8608 163.425 7.2768
-74.3767 163.944 3.84589
-79.4811 163.421 -2.57727
-76.7809 172.737 14.6059
-84.4694 172.358 5.99862
-95.3873 170.509 -7.3584
-92.4656 177.232 4.23415
-95.7852 178.325 1.28918
-98.7365 181.591 3.11851
-100.953 185.088 6.75408
-103.3 189.7 12.3659
-106.624 191.93 9.28277
-114.015 191.923 0.3443
-111.931 198.592 7.66027
-111.294 202.206 6.57589
-110.053 205.742 7.12991
-107.532 207.752 4.06369
-105.38 211.896 6.28792
-102.907 215.981 6.75988
-101.663 217.49 5.77098
-98.6539 221.625 5.36668
-95.5042 225.406 5.62703
-93.3379 228.134 4.97103
-89.6866 232.548 3.1814
-88.2404 234.249 3.06587
-85.2051 236.92 6.41692
-81.9849 238.467 4.68612
-77.5139 239.605 3.88532
-72.0566 237.852 0.35318
-69.6701 234.484 2.54163
-66.0326 231.676 3.39645
-63.4952 230.003 5.07959
-59.9998 227.132 4.2472
-56.7004 224.142 5.21835
-52.9832 221.148 4.82089
-49.5585 219.215 5.89082
-45.4077 216.767 7.02206
-42.3849 213.88 7.23119
-39.4616 211.802 6.14378
-35.6083 209.365 5.80806
-33.4066 205.294 5.11323
-29.6963 203.671 5.87978
-26.1178 201.508 5.205
-24.2354 196.991 4.25988
-22.7965 193.414 6.62523
-21.7211 188.732 5.33819
-23.0457 185.234 5.21541
-24.9692 181.66 6.44739
-27.623 177.082 5.59895
-31.243 174.568 6.32426
-33.7226 171.473 5.85419
-36.3231 167.97 6.51674
-38.8922 163.59 6.24294
-41.127 161.725 7.80189
-42.866 157.899 6.94327
-45.4966 154.957 7.58804
-49.0935 150.645 8.31421
-51.6082 148.211 9.32124
-53.5248 148.118 8.30258
-59.1363 143 7.35399
-61.2399 139.811 4.68698
-66.5166 139.353 2.9773
-71.8283 139.218 3.20062
-74.1874 142.754 6.80912
-79.1148 143.047 4.45629
-77.5294 151.834 9.1355
-83.3334 153.04 7.71707
-83.9196 155.181 7.04811
-89.71 158.236 8.06295
-92.17 161.81 8.65164
-98.1391 162.741 6.37628
-100.753 166.974 5.01317
-109.186 165.241 -1.66039
-109.99 168.461 2.21636
-113.587 171.175 1.58188
-114.303 173.77 2.97463
-118.248 179.512 5.33707
-112.342 184.057 6.84899
-117.797 185.433 6.2042
-115.827 192.309 5.24603
-119.433 194.551 4.03788
-114.858 196.861 4.68078
-113.173 199.323 5.75997
-110.985 202.767 6.69426
-109.367 205.845 7.32617
-106.836 208.436 6.15322
-104.273 213.431 9.51659
-102.515 216.401 7.60672
-101.239 218.201 7.03909
-98.7309 221.375 4.93527
-95.3673 225.76 4.1961
-92.6766 228.278 5.15365
-89.9589 232.108 3.38777
-87.2456 235.729 4.40664
-84.6593 236.427 6.90771
-83.3779 240.774 4.91116
-77.9878 244.44 8.31037
-74.3074 248.576 7.29073
-52.5518 238.407 4.12902
-64.9122 268.344 2.00756
-70.8205 260.828 -10.6446
-40.5498 267.665 -22.5077
-60.0394 249.001 4.13809
-58.7102 247.407 7.75204
-58.1073 264.573 21.9386
-40.9815 251.241 0.177247
-38.2251 249.769 8.0922
-40.943 241.16 -5.127
-34.8048 245.552 -25.1318
-20.3442 235.134 -0.606073
-30.0981 223.957 -17.9226
-29.3008 218.68 4.50925
-20.8788 220.511 -24.2907
-24.9443 221.107 -8.76845
-17.3823 219.731 -8.56647
-10.2189 240.12 -63.7945
-4.46466 225.814 -24.2205
-23.7939 211.858 -6.53783
-13.7488 209.357 2.77141
1.80069 205.421 -4.11136
-8.64672 197.218 1.60824
-18.3211 201.518 3.74478
-18.826 196.487 6.20642
-23.8555 196.828 5.5871
-25.5331 199.043 7.3624
-28.4089 201.667 8.49216
-33.158 205.019 6.24826
-32.6096 209.874 13.6443
-40.0337 210.706 7.75099
-43.9522 212.156 5.87762
-46.8472 216.142 5.47806
-51.2886 216.709 3.89162
-54.2339 220.644 5.35095
-55.6489 224.997 6.95897
-58.9011 226.264 9.08054
-64.4897 227.825 3.66982
-70.0061 229.292 -0.0647686
-71.1585 233.604 4.4199
-75.1098 237.354 11.1224
-77.5349 237.525 3.34095
-85.1123 234.952 5.59642
-87.4026 235.095 2.75365
-90.0794 233.38 3.74832
-94.5716 230.424 2.53281
-98.2173 226.113 3.52293
-100.52 223.395 3.91562
-103.159 219.681 4.67663
-104.185 218.201 3.75135
-107.879 213.415 3.51965
-110.053 207.44 2.66678
-111.174 206.899 5.69832
-112.04 202.851 3.26975
-111.974 202.515 4.40836
-114.393 197.031 3.51357
-120.79 192.187 0.240845
-122.231 186.316 1.52928
-123.999 184.948 2.85005
-120.595 183.637 -4.56659
-118.139 172.317 2.72725
-93.7347 183.517 -25.2519
-108.404 167.676 -7.60045
-99.9535 160.74 -4.41384
-103.755 165.66 4.29269
-98.6591 164.642 9.02944
-97.3737 160.267 14.9357
-88.9126 162.811 29.2808
-86.8053 157.514 5.71352
-84.3396 156.128 11.6684
-83.3348 165.694 64.3154
-78.6923 146.487 12.6268
-69.4023 143.064 16.2008
-73.7935 137.964 -4.04992
-68.6634 127.565 -4.85181
-64.4703 134.096 4.43047
-64.1535 151.076 -4.90078
-93.8058 225.841 28.2967
-76.425 167.922 25.1896
-82.7239 167.857 32.8882
-43.6516 154.568 9.18138
-40.5564 161.505 13.5083
-37.7825 158.866 8.00007
-41.7871 162.69 7.12669
-33.764 165.463 7.33154
-36.8368 169.448 5.92676
-33.0829 173.692 4.40219
-30.8558 174.027 6.58068
-35.3214 182.821 1.54014
-25.3979 180.294 8.04522
-18.7044 185.126 4.82798
-21.1892 190.081 9.38958
-20.082 194.829 6.42909
-23.2849 198.938 4.89422
-25.9209 198.088 6.31462
-30.3303 199.749 5.56236
-32.5184 204.945 7.21842
-36.2984 205.94 6.46409
-39.0911 210.15 5.0372
-42.8347 213.711 1.76642
-44.6434 216.671 5.96215
-47.2774 222.819 5.20523
-53.7631 220.323 4.30207
-56.1012 222.964 4.83498
-53.21 230.258 8.67992
-62.0309 229.511 5.9555
-67.1608 229.804 0.908595
-70.1948 234.475 3.95658
-73.4551 235.48 1.31427
-76.8983 238.098 1.89536
-81.5921 237.607 -1.30542
-85.6062 237.553 0.761018
-87.0084 237.249 1.99186
-90.8115 232.802 1.56889
-89.2895 229.052 4.91963
-84.586 225.975 14.2516
-73.3562 245.581 67.3565
-77.2077 173.949 87.1286
-71.3517 246.551 -25.0475
-75.2503 212.959 -45.908
-77.7726 209.706 -31.2883
-69.7388 219.991 -48.0839
-58.2304 225.03 -41.5398
-57.2884 205.232 2.5141
-47.3592 220.187 -29.7766
-46.6041 210.511 -0.0467422
-46.5296 203.951 1.80615
-28.0015 227.197 -105.064
-23.6853 209.19 -39.7312
-34.7179 190.789 8.48651
-37.2257 183.789 14.5572
-32.8653 184.042 6.8763
-28.5165 180.962 -3.05382
-31.4918 176.612 -0.199951
-33.0686 174.09 0.322428
-36.3077 171.449 0.157843
-37.8296 169.456 3.68965
-40.8642 173.372 4.04463
-150.748 59.2704 -106.609
-293.791 -31.4727 -560.517
-177.48 76.0975 -144.913
-64.9345 168.02 -7.03522
-84.1945 154.887 9.50217
-85.6582 159.854 26.2872
-88.6766 165.779 10.0894
-146.764 98.6493 32.8909
-91.9913 181.491 16.3862
-124.997 149.38 -13.8201
-86.7783 192.504 3.65053
-149.632 160.888 95.1246
-106.812 172.909 6.48793
-105.135 200.098 -1.46418
-93.3976 210.717 -1.28092
-99.9319 213.66 4.80665
-101.24 215.584 -0.475322
-97.893 219.4 -0.106846
-95.5816 223.245 -0.397325
-91.5441 225.331 0.314564
-88.7247 242.051 42.2767
-82.781 222.632 17.9525
-113.279 191.654 57.6897
-100.933 195.771 5.96432
-69.0714 213.355 -15.3265
-68.7813 218.848 27.6834
-66.3853 201.519 16.8386
-60.8815 217.011 6.27036
-50.8206 218.858 -10.0439
-51.5804 205.96 -3.78799
-27.6852 241.612 -80.1527
-52.55 193.967 -10.9709
-48.0482 184.767 -35.3172
-38.8511 191.606 -32.6436
-32.4897 193.136 -13.1195
-30.6575 189.47 -60.8498
-33.0598 181.467 -3.89711
-34.0977 176.047 -3.0371
-25.8515 179.751 -4.28199
-23.1651 176.473 -1.17484
-37.3994 148.365 43.7723
-12.1555 174.438 12.4332
-4.2859 167.509 6.40429
-10.0464 154.771 8.47549
13.1859 151.243 -10.7142
-9.10204 158.895 -16.3394
-26.3183 150.522 -1.15212
-37.9248 149.696 4.63313
-44.8886 140.688 11.4175
-38.8317 150.596 -5.7731
-16.9245 154.832 -14.8416
-0.57844 147.202 -21.9925
-29.0877 138.301 -15.1759
-54.1945 135.943 -25.7113
-41.3499 115.547 -6.9494
-39.5896 115.349 -13.9326
-41.7194 115.833 4.91218
-51.1369 118.626 9.25675
-53.5148 113.066 -9.33423
-38.3061 67.9092 -73.9148
517.223 595.362 1228.05
55.2014 957.696 1467.27
-372.083 -123.503 -417.555
-215.508 -100.703 -356.792
-173.54 -163.414 -444.069
-311.511 45.7844 -667.092
-270.866 -95.5792 -509.088
-459.596 -273.303 -774.562
-426.755 -277.366 -659.292
-393.608 -91.5897 -625.304
-405.524 -96.6159 -525.321
-548.71 1.7949 -692.827
-401.442 -114.584 -436.827
-179.205 -135.917 -288.824
-570.104 9.46217 -502.03
-330.179 -108.754 -377.16
-247.339 -119.794 -393.237
-262.173 -79.6962 -293.515
-136.769 98.0387 -399.666
-160.904 8.44053 -416.455
-419.93 -190.038 -355.71
-258.307 -40.3573 -418.806
-245.826 58.2115 -528.811
180.832 504.834 -480.983
-144.193 154.918 -97.1262
-163.876 150.407 3.0904
-190.569 126.927 -60.0457
-163.372 98.4794 -60.0572
-163.893 -282.108 -433.816
-1159.32 -2630.63 -1129.03
-1185.29 -3705.02 -2600.43
-1209.86 -4643.22 -6697.18
-245.062 -242.067 -911.179
-688.384 -118.816 -919.438
-468.869 -232.96 -435.237
-175.642 144.97 -44.4906
-171.403 164.894 -4.1566
-176.147 160.395 -2.34708
-178.858 162.605 -6.41402
-169.036 170.18 -0.767719
-163.919 177.564 -1.10565
-164.482 177.198 -1.93762
-171.175 176.106 -17.9348
-145.94 192.313 7.35519
-140.296 202.281 15.2082
-162.002 185.146 -19.8007
-155.896 188.588 -16.3641
-142.656 203.331 2.84361
-142.786 207.308 5.2275
-132.976 213.44 11.3244
-137.517 209.756 5.1854
-137.998 213.278 -0.632607
-141.248 216.243 -4.4375
-124.711 232.899 17.5313
-139.691 223.43 -6.74946
-129.341 225.552 -1.5689
-123.082 223.719 -1.46841
-122.811 227.385 -3.58216
-118.892 224.038 -3.02023
-116.237 220.644 -5.30693
-115.342 216.864 -5.21573
-109.552 215.808 -0.419618
-105.699 213.714 -0.197774
-102.774 211.509 -2.8462
-98.9234 209.77 0.206901
-97.411 206.817 -3.60279
-93.5458 202.834 -1.41703
-91.553 199.316 -2.13523
-89.5095 194.305 -5.1953
-83.7066 192.567 -2.49174
-80.5401 190.453 -2.57778
-76.3427 189.311 -0.308415
-73.9496 186.728 -3.08564
-69.0286 184.267 -1.52706
-66.6371 181.256 -4.07243
-64.2115 177.762 -7.58312
-60.3885 175.111 -4.42748
-56.4028 173.626 1.4523
-53.8698 170.291 -5.44655
-47.8913 166.421 -25.3322
-43.8735 168.096 2.47442
-42.326 165.073 -4.75859
-37.508 166.526 -1.85435
-33.9704 166.901 -1.64738
-32.4787 172.437 -1.96273
-27.2963 179.487 -3.21078
-29.5657 180.572 -3.4998
-30.5942 188.019 -0.746759
-31.3452 195.822 -0.0412861
-41.4689 192.364 -14.1386
-42.3695 191.565 -13.1065
-45.3711 198.482 -5.66834
-46.3574 206.671 5.15007
-55.0239 203.575 -2.79202
-54.9758 210.602 -0.760631
-60.8495 204.079 -2.30255
-66.4643 205.281 -3.69355
-63.492 217.619 3.75669
-66.0778 218.687 6.68777
-72.2326 216.612 1.18335
-79.3235 221.331 -3.00598
-78.332 217.943 -8.30126
-93.3541 198.172 -91.1207
-88.7262 228.182 6.76556
-92.3528 223.864 0.0198753
-96.0567 224.544 0.686372
-98.411 223.517 3.05465
-99.859 220.369 1.54478
-101.221 215.779 2.71524
-101.25 210.943 0.869638
-98.8322 209.785 3.99734
-96.1961 204.448 2.0905
-92.8021 203.075 8.95508
-91.4439 196.769 3.70977
-86.1634 194.381 6.06863
-85.0308 192.122 2.64889
-80.222 191.335 5.25216
-75.5664 188.441 4.58416
-71.4439 187.102 7.8257
-69.313 184.68 5.59316
-66.5943 180.492 4.37189
-64.2276 176.971 3.66747
-57.5603 176.804 9.08032
-53.5271 174.521 7.22035
-46.78 173.885 11.2187
-27.4463 174.302 79.5265
-45.0911 167.21 5.98577
-38.1745 162.78 -12.9497
-38.6982 157.544 1.3072
-44.9634 152.767 5.19631
-46.5617 161.18 -0.197675
-43.011 232.192 -43.0309
62.7635 254.91 68.968
-52.4278 160.066 33.8461
-30.3204 197.825 -83.2691
-79.2756 180.242 -45.263
-93.4108 136.824 20.8306
-73.4983 174.244 5.8807
-74.6803 177.282 10.0212
-104.483 159.227 11.2235
-109.37 147.723 0.515492
-36.5066 234.232 -54.948
-101.667 174.533 3.25283
-68.0426 213.592 -32.5125
-93.7856 198.079 -6.65771
-77.7984 219.588 -9.05432
-114.848 192.472 3.91335
-90.6688 207.47 -5.81162
-92.9102 202.74 -7.88725
-108.546 199.847 3.99113
-98.2579 200.491 4.55793
-88.2019 196.225 11.0354
-71.5232 191.009 19.4223
-98.3778 216.048 7.5099
-108.929 231.816 3.36624
-109.351 233.881 -0.850072
-98.2171 233.212 7.93805
-85.8094 230.176 1.67562
-90.5302 231.773 2.89785
-81.375 227.803 1.95241
-85.7037 238.332 4.47124
-90.8833 228.629 6.77926
-80.6031 238.03 1.37096
-72.0546 236.458 -2.86747
-61.5435 246.276 -18.078
-66.558 222.253 -11.9349
-66.6561 233.661 -2.03059
-61.6247 223.418 2.96589
-58.1509 221.335 3.89253
-55.3142 224.924 -7.83246
-46.9124 218.9 7.7596
-41.5607 212.646 13.6592
-38.8982 206.298 5.4124
-39.9519 211.352 14.0975
-40.1628 199.371 9.73208
-34.85 196.25 11.7848
-34.4215 197.96 24.8252
-25.9201 200.242 1.75872
-26.4308 198.034 12.9664
-24.9563 193.951 0.401449
-19.2701 186.83 1.68157
-26.2678 178.991 5.13039
-21.7489 180.381 8.41581
-26.4457 178.025 17.8437
-32.1975 173.63 10.6839
-33.9971 171.927 5.53141
-40.9364 170.429 -0.938907
-24.3021 220.464 -34.3125
-17.9896 253 1.20143
1.08453 254.666 21.6849
-92.8235 188.276 -128.123
-86.6771 143.484 -12.6469
-80.3945 154.711 19.1062
-130.478 132.5 38.2606
-66.5239 186.73 1.78962
-104.539 157.736 46.1718
-150.405 82.6154 55.7245
-151.895 108.474 36.047
-150.574 121.804 40.2446
-137.786 140.854 40.8693
-174.439 88.5843 75.0151
-125.9 154.919 35.4556
-136.222 163.007 58.0729
-98.5844 207.861 3.87599
-99.1125 212.643 3.60447
-98.24 216.843 4.13217
-96.3602 221.476 4.40598
-97.1706 221.989 -0.872243
-94.3733 224.961 0.564212
-91.2765 228.037 0.856874
-89.3332 230.705 -0.440693
-91.2116 230.784 -6.36595
-80.9554 236.667 1.02498
-77.4917 237.993 2.34957
-83.0747 234.285 2.89343
-85.7841 231.498 -9.1803
-71.8414 233.348 -14.489
-67.3659 226.347 1.45834
-61.043 225.91 4.8241
-50.2013 225.043 1.33605
-45.9311 215.906 14.4867
-40.4444 221.953 26.8062
-44.2139 207.244 15.4818
-49.6057 205.783 10.2536
-47.3909 199.798 5.73946
-64.5524 181.571 18.5443
-50.7624 192.829 8.51156
-44.0128 194.583 30.5551
-18.5285 205.014 28.4368
-22.6409 198.666 2.0234
-26.0157 194.033 0.410108
-22.2064 189.364 0.65608
-20.0091 188.976 0.700548
-21.0114 186.362 0.0961044
-22.9817 183.322 -0.716354
-26.1556 179.207 -0.367854
-30.5415 175.138 1.59891
-33.7863 172.542 1.81573
-37.3508 168.653 0.741878
-38.6677 166.323 1.26632
-40.0749 161.017 2.12229
-43.0028 159.096 2.60705
-41.5103 154.529 -0.00411745
-47.4854 153.942 3.35702
-48.3613 158.552 14.4915
-44.85 173.748 -0.8139
-81.5167 135.743 8.50588
-60.8604 177.558 -14.8218
-45.7984 194.096 -36.0349
-38.0827 189.827 -30.8318
-32.6155 265.787 -66.2551
-61.9508 191.786 -5.79409
-2.78218 276.096 -2.42127
-22.3809 239.868 2.61988
-50.2172 215.913 0.70386
-85.3085 201.476 3.23463
-100.417 191.769 13.5285
-92.8715 207.406 -11.4598
-87.6278 205.373 7.25302
-137.094 169.124 45.1852
-81.2053 212.351 0.794766
-109.705 197.59 -0.789452
-112.667 198.251 -5.35219
-108.873 204.537 0.252906
-110.58 205.405 -5.41523
-105.987 210.002 -0.770273
-101.199 215.73 3.2274
-96.0269 221.021 5.40338
-97.1493 221.328 -1.27428
-94.704 222.54 0.518126
-90.6539 226.722 0.714469
-85.0075 224.361 -3.85497
-69.0867 211.535 -16.7621
-11.3351 210.304 -55.7848
-60.1856 215.854 -17.1462
4.45531 178.392 -27.147
-36.9812 170.87 -13.7001
-67.069 209.78 -4.391
-68.045 279.358 -42.2468
-69.0883 253.284 -5.63429
-64.1488 249.739 3.19669
-56.7444 251.388 -1.67981
-47.221 265.594 -27.7222
-49.9233 244.025 -10.4239
-50.9183 241.123 -57.0042
-43.9954 238.93 -10.2307
-34.1398 234.087 -7.47567
-28.7219 236.064 1.28104
-31.6118 230.376 -1.64275
-36.9999 223.643 0.0649037
-22.1351 237.436 -23.2519
-28.9665 231.337 -72.8457
-29.3437 202.645 -31.1476
-10.2546 205.968 -126.246
-20.1279 206.663 -3.09286
-34.4458 213.847 -28.8296
-35.6845 208.199 1.60006
-13.4154 200.629 4.47438
-14.0483 199.501 3.57878
-15.6154 195.976 7.87276
-19.5973 193.744 0.859192
-19.071 192.026 1.15802
-21.4436 186.066 1.5309
-21.6812 184.366 -0.0445366
-23.3344 181.87 -1.14089
-29.4133 175.719 1.99948
-32.6248 171.463 -1.21243
-39.1276 171.562 -1.95057
-37.1291 167.836 2.09871
-39.1059 164.793 2.18868
-48.8168 162.001 -11.7401
-42.5757 155.776 -0.44469
-43.7775 155.195 0.614975
-54.4557 148.262 2.59723
-53.0407 144.087 -2.54936
-53.4153 155.736 -3.74818
-60.4915 147.695 9.92637
-48.4846 151.486 28.1158
-70.8214 86.831 44.1483
-91.0814 104.397 12.7935
-91.6137 125.691 17.6728
-108.558 112.703 27.6496
-91.8741 133.781 2.38372
-123.763 105.224 8.51661
-101.37 133.179 13.4142
-161.784 63.6608 51.0685
-134.071 84.6543 89.5412
-164.183 78.2885 50.7143
-187.166 45.7012 54.9609
-127.983 131.892 16.6945
-200.323 82.8841 82.3814
-124.127 152.098 11.5007
-139.774 136.705 7.23465
-151.295 148.514 19.0213
-137.57 175.79 6.22294
-137.15 184.485 10.5749
-124.589 205.891 16.1192
-117.856 185.934 -3.27287
-25.3258 126.889 -60.4887
-41.7076 151.85 4.12312
-67.0055 175.213 4.1614
-102.326 203.254 1.29408
-113.575 209.736 -3.61588
-102.398 206.258 -7.04441
-95.6936 210.345 -3.06816
-94.0978 214.622 -8.61123
-96.3014 219.831 0.385388
-96.3735 209.936 0.737225
-90.707 229.279 7.00388
-73.8272 233.453 28.3994
-75.4999 197.85 47.283
29.8071 246.871 33.973
-79.605 214.893 -12.5493
-84.8555 190.29 -56.1272
-78.0702 200.771 -12.5277
-67.0791 207.112 6.7387
-66.5973 210.043 15.489
-59.9272 198.335 -6.66771
-52.3084 204.348 -16.8361
-44.3617 205.68 -10.738
-37.0803 204.062 -167.227
-35.8256 203.378 -17.6475
-31.2952 188.8 -29.4707
-34.6026 188.832 -25.407
-29.6432 185.49 -41.1773
-33.9676 178.78 -15.0209
-31.703 177.258 -6.26933
-32.4174 173.798 -2.10952
-34.6282 170.56 -0.0599549
-35.4097 167.158 -0.756489
-38.5915 165.068 -1.8821
-42.7004 158.688 -0.541722
-49.0456 153.332 -0.91147
-50.3149 155.406 -4.22769
-54.7479 154.867 -3.65802
-48.3367 181.2 -21.9638
-55.2832 167.004 -6.72776
-5.28537 221.667 -46.4033
-49.0091 177.411 -9.05222
-68.5364 167.332 26.8219
-82.1402 155.98 3.91312
-64.0226 194.245 -22.9531
43.3874 347.937 -151.828
-84.7257 171.955 -9.4366
-85.4644 181.17 3.05918
-90.6597 185.9 6.86786
-109.694 168.736 2.004
-101.499 181.637 -3.04701
-76.4548 218.392 -41.8643
-120.783 173.411 1.11768
-99.028 203.622 -2.72687
-110.222 198.231 5.5132
-109.202 201.036 1.79015
-114.138 198.081 -5.80902
-108.03 206.644 -1.31117
-105.572 209.79 -1.503
-99.3156 215.816 4.07804
-99.1581 218.687 -0.346781
-96.5087 222.172 1.28628
-95.9496 223.969 -1.42049
-90.3325 228.093 2.69208
-89.7468 229.102 -0.527145
-87.2043 231.906 -2.41508
-83.7139 235.489 -0.978148
-79.8672 239.101 1.64554
-75.751 240.398 2.80323
-71.7461 242.684 -6.6894
-68.5363 236.924 -6.21054
-70.2975 219.795 2.62455
-85.9452 201.321 14.9212
-63.4849 221.679 -3.76273
-61.674 205.396 -27.6046
-66.3486 206.281 -3.86756
-61.3721 203.305 9.26525
-46.0286 212.009 9.46855
-40.0075 218.734 -1.32333
-32.0723 220.824 12.4305
-41.0287 204.644 1.60554
-40.4308 189.058 -15.2889
-42.2125 189.997 -35.0202
-30.5884 190.947 -0.61308
-31.7449 189.23 -0.676902
-12.2401 195.46 17.5347
-21.9014 192.611 -3.99288
-23.7586 190.25 -3.95857
-24.1027 187.484 -6.70396
-28.7831 182.685 -6.78898
-32.0673 177.801 -5.31939
-32.2648 173.565 -1.52502
-34.147 171.73 -0.427063
-37.6283 167.626 -0.314792
-36.8415 164.182 -0.424472
-36.9386 160.693 -5.05767
-49.0225 159.008 0.866209
-85.3214 158.747 6.43704
-64.5652 153.008 -16.6957
-63.5028 150.501 0.776332
-77.0989 157.131 24.4859
-57.8075 138.063 3.26197
-57.8524 141.067 8.30689
-81.5532 95.7025 4.2375
-84.3899 134.518 -6.57486
-81.062 137.86 -0.103399
-77.7193 142.992 1.22275
-52.3853 205.7 12.9156
-64.8505 171.858 -10.3385
-60.7918 179.781 -7.935
-31.1061 238.749 -39.0419
-45.0452 261.93 -45.0204
-97.4209 164.093 -3.37189
-97.3094 166.709 -0.73206
-110.902 150.736 10.9427
-124.133 142.46 18.7679
-117.884 160.12 0.186923
-197.087 64.9645 66.7768
-137.039 169.193 7.74551
-144.967 177.037 0.743832
-139.088 182.486 17.2905
-111.684 182.287 -6.11292
-62.9432 160.786 8.52562
-103.123 180.209 17.3948
-85.2891 194.07 -2.16651
-96.253 193.783 -4.85467
-97.7984 192.752 -9.21089
-104.825 205.692 -4.4602
-101.828 216.135 -0.332856
-98.1169 211.455 8.85881
-93.0088 219.26 -0.311865
-107.76 230.92 3.78475
-101.104 230.321 -6.43571
-85.2429 228.223 -3.42018
-56.1509 225.646 0.292599
-87.633 232.709 -4.05218
-53.6085 222.874 5.28155
-61.1994 223.256 1.26841
-44.7319 222.748 20.647
-65.3553 249.983 5.00679
-64.0143 261.625 -4.7977
-51.1859 293.796 -65.4977
-53.6877 270.66 -26.2897
-42.9244 264.798 -48.6785
-54.1061 247.542 -78.5894
-40.5414 268.802 -51.0615
-50.7815 240.573 -21.9778
-58.3316 237.743 -11.9944
-54.0862 247.993 -92.3719
-52.4529 249.647 5.43667
-40.065 229.711 -7.61602
-21.534 223.827 -40.5846
-26.6251 230.973 1.40115
-30.3658 218.862 1.26579
-20.9212 216.218 -13.4065
-22.7055 210.633 26.6135
-21.8152 205.702 11.4603
-31.1305 198.367 34.2204
-11.3269 204.705 63.0133
20.5376 202.111 23.3915
11.2646 198.224 9.23653
-16.8592 197.066 -1.78515
-21.2203 189.329 -0.301833
-17.2218 188.793 1.29064
-24.3667 190.878 1.29506
-54.8706 207.342 -21.4384
-30.6023 190.04 -9.68059
-29.0731 185.967 -16.3063
-34.3181 183.264 -16.4949
-35.8683 183.408 -12.0664
-34.7274 171.318 6.12551
-34.5333 172.065 9.37873
-42.8141 179.096 6.23144
-59.6188 162.269 19.1502
-46.9678 176.785 13.8762
-56.0755 180.011 55.2999
-141.752 101.221 15.6263
-74.9991 169.024 -12.8513
-67.1487 178.406 -5.22825
-86.2938 163.523 5.92878
-163.352 99.9193 21.7625
-85.3634 179.41 12.1759
-129.127 146.495 17.5723
-88.7581 183.826 3.16592
-112.256 148.329 41.3801
-154.798 125.173 39.6553
-102.678 188.312 7.55809
-115.088 176.683 52.6067
-74.6499 232.18 15.3155
-104.149 213.628 5.58254
-106.26 209.659 -17.3021
-98.2968 219.397 -5.31976
-93.9725 228.568 0.273716
-91.4984 228.79 -1.49492
-89.3212 230.449 -2.97776
-86.8211 232.378 -4.12341
-84.7628 234.356 -7.0959
-80.3103 240.808 -1.64049
-75.6162 244.33 0.325618
-68.9897 256.336 14.5279
-67.8959 249.443 0.910426
-69.5378 256.809 -7.55888
-63.7335 260.635 -29.7779
-68.4918 254.166 -21.9757
-68.078 252.274 -28.2365
-56.84 246.223 -6.86188
-42.3785 249.948 32.1572
-49.2333 232.196 -4.69705
-36.7892 251.628 -5.4049
-34.0922 245.989 -9.4596
-43.8069 233.943 -10.1774
-56.6441 223.668 -4.17776
-51.1223 216.512 -52.8312
-41.4974 222.324 -25.2693
-24.6369 225.603 -21.2191
-2.16169 273.928 -103.08
-6.44051 232.433 -23.9453
-6.52968 250.122 -83.2055
-9.87934 224.455 -3.49638
5.35531 225.11 12.0384
-23.7603 209.502 -12.6572
-24.2044 208.516 -5.16933
-44.9406 206.139 5.89599
-22.8811 207.663 -0.892347
-20.171 196.384 -0.998809
-22.5064 196.399 -5.26872
-22.6078 189.323 -6.40102
-25.3863 185.368 -5.86362
-28.3053 180.86 -4.71457
-31.4328 173.838 -3.01314
-33.501 169.371 -3.46234
-34.3325 169.276 -4.02994
-35.8307 168.679 -6.37758
-41.2277 164.25 -5.71501
-40.6799 162.253 -5.53919
-44.04 158.677 -4.43366
-45.6004 155.856 -3.96151
-45.0078 157.606 -3.55347
-43.9098 154.412 2.50857
-38.4428 140.481 15.2883
-51.47 144.968 17.7108
-53.5671 145.648 15.0606
-60.1312 139.185 7.98716
-107.826 61.9812 54.0674
-120.253 65.5815 31.6919
-103.723 98.537 8.037
-103.465 127.48 8.48019
-82.0027 150.458 -3.14016
-92.674 147.572 4.34264
-86.8357 160.444 0.107987
-93.3921 158.5 0.863659
-58.0709 204.366 -36.0772
-76.3391 209.3 -23.2045
-65.6642 206.739 -16.6036
-61.6077 222.316 -53.7592
-84.2209 199.403 -42.6215
-103.036 199.571 -26.6208
-109.115 187.227 -14.6944
-109.721 195.285 -5.89772
-126.353 185.48 -2.45262
-125.947 186.715 -6.17259
-126.016 199.604 -2.66393
-115.228 190.757 -9.00185
-114.725 194.014 -5.99633
-114.269 193.532 -13.202
-109.918 202.047 -5.8105
-107.174 204.994 -2.54695
-104.58 209.587 -1.18121
-102.57 212.663 -0.865491
-101.33 214.754 -1.31831
-96.6896 215.793 -5.51632
-91.9164 228.322 1.92089
-123.256 263.343 12.1889
-59.5402 215.246 2.45757
-46.9719 174.313 -13.5127
-77.2597 226.804 -8.58061
-79.744 239.656 -2.09548
-84.9237 228.604 7.11133
-86.9511 222.247 44.1856
-80.5902 226.163 2.87836
-66.1827 226.393 3.2302
-61.177 234.009 -4.97643
-56.8478 224.151 -11.1717
-65.8381 212.46 -20.0178
-59.0366 221.641 -10.906
-57.6502 212.577 -12.3054
-50.138 216.235 -5.15946
-45.8912 210.329 -7.05127
-38.6657 209.641 -18.3321
-38.2921 203.012 2.11177
-30.8696 202.341 10.1601
-31.7565 204.566 -5.16049
-33.2432 195.612 0.254984
-23.4751 199.103 -11.8921
-23.2238 202.229 -20.4183
-26.0773 195.128 -4.8419
-28.5254 199.304 -4.45716
-35.8286 200.175 -6.93974
-44.4233 195.696 -12.4595
-33.1492 181.236 -2.391
-41.3473 179.234 -1.33067
-31.8409 170.51 -2.78407
-33.279 167.465 -2.42516
-39.0191 168.355 -2.71952
-38.2769 165.291 -7.04309
-40.713 161.159 -3.3303
-44.606 160.733 -1.23893
-45.2432 157.518 -4.2856
-47.3991 157.181 -5.15355
-41.7843 185.324 -22.8815
-29.2375 200.434 -29.4318
14.8982 307.394 -47.5679
-10.7443 266.654 -63.0603
-54.7567 182.47 -7.70787
-62.7388 188.169 -40.8618
-86.9738 158.075 -18.8141
-75.2683 183.054 -14.912
-87.379 173.46 -3.69234
-84.218 185.099 -9.84496
-74.0396 208.723 -12.5384
-86.9919 197.797 0.93272
-84.9608 208.144 -1.18105
-111.731 173.092 12.9135
-133.011 160.531 27.6762
-89.2463 210.821 3.56546
-81.0491 208.515 -3.60475
-106.515 218.012 6.0623
-105.033 204.528 -0.0478807
-65.4048 195.664 -6.94757
-110.725 211.537 6.32421
-122.06 207.611 13.1966
-147.33 170.395 41.2678
-115.885 223.667 -11.7682
-111.642 233.231 -12.0858
-119.145 249.734 -48.6523
-105.528 248.991 -43.9702
-112.481 230.204 -12.2021
-122.304 224.112 -4.94305
-130.861 233.743 -23.6956
-134.37 230.607 -16.5473
-127.111 233.764 -28.6809
-138.169 250.692 -38.9615
-134.922 225.731 -24.9227
-145.573 236.575 -20.9351
-121.705 190.249 -6.98139
-144.601 211.14 -21.0196
-147.972 195.428 -29.1263
-150.323 180.441 -7.81094
-140.324 169.063 -24.1994
-153.615 171.982 -8.88808
-175.513 184.51 9.83996
-145.992 189.221 -17.9839
-164.503 186.247 -16.5407
-172.826 167.192 -9.52492
-183.662 150.05 3.57069
-161.503 157.648 -12.1641
-157.317 160.907 -11.8731
-50.1892 159.425 -64.9572
-35.4441 215.136 -174.646
-61.2968 197.321 -182.674
-61.3169 208.322 -158.478
0.873547 220.423 -106.884
-97.0014 452.376 -83.5103
113.893 379.857 -247.599
89.2567 404.659 -189.19
-73.0544 225.103 -30.4383
-115.105 189.64 -9.9861
-117.964 169.083 -27.5646
-147.707 119.12 -26.5156
-131.867 101.524 -19.7773
-143.95 120.237 -6.92754
-175.095 139.879 -11.4867
-173.052 138.737 -13.9027
-176.235 138.318 -20.9767
-121.46 151.417 5.75714
-112.706 140.274 14.2194
-189.318 79.464 7.66938
-201.431 74.5923 -4.13027
-190.133 73.0929 -9.77044
-188.136 93.0389 -7.21301
-145.773 116.248 16.4444
-137.737 124.346 4.43453
-65.6479 99.6621 -48.6549
-73.3077 106.503 -2.12278
-80.9613 168.604 58.273
-137.385 292.262 26.8208
-27.7865 310.902 -43.3936
2.9682 351.616 -124.495
160.645 294.337 -47.3116
158.704 356.675 185.162
232.992 446.298 128.7
159.364 235.189 416.12
108.629 654.533 286.548
64.256 393.568 577.733
33.0957 561.874 475.952
377.087 295.355 450.069
321.762 194.26 541.996
332.418 844.703 361.263
262.382 556.503 538.212
574.028 195.779 649.006
112.44 501.173 945.342
273.442 460.761 935.007
612.817 779.145 627.874
200.726 626.562 615.48
268.463 757.748 351.631
-56.583 567.694 576.269
-4.41847 492.59 634.008
274.482 212.514 367.901
281.244 235.63 314.71
234.793 200.462 358.861
120.812 584.925 494.78
27.7755 254.492 934.724
-20.9743 980.653 897.059
965.134 713.575 803.543
435.269 1169.54 385.944
396.845 424.236 448.953
281.05 258.997 372.962
25.1775 225.303 200.559
10.7774 83.7112 128.746
42.3962 166.411 44.592
-70.6517 59.3759 -9.47956
-72.7618 77.0689 -24.0351
-57.542 50.8559 -9.80596
-53.0282 59.8215 -17.3428
-50.2991 46.4262 -24.1602
-18.8241 95.3423 -47.3357
-43.588 39.6542 -72.9056
-168.782 38.3769 -129.004
-30.8405 -53.0839 15.6141
-25.5285 53.1001 -6.36769
-27.0272 39.0635 -25.063
-16.3616 55.9072 6.49478
-46.3479 36.3725 -33.6862
-45.5458 -11.2735 -38.1669
-66.0697 -11.0148 -58.444
-35.1223 -14.2967 58.6279
-35.7024 -43.2399 -1.94368
44.9675 52.7613 61.3498
14.091 58.9152 0.997036
17.158 92.4189 -28.4178
28.8076 47.7957 -50.2873
36.2046 47.1607 -24.4962
20.0227 23.8334 -43.3706
-58.5757 9.83176 -549.04
40.6509 60.1809 -69.8485
19.7899 87.674 -289.61
97.7865 72.255 -42.1183
11.8604 -28.9861 58.0848
13.721 -2.07091 -95.149
56.0497 15.4872 -4.12038
71.4165 8.51245 7.5584
53.4586 12.6544 4.2238
41.6357 18.0195 2.08625
49.9189 17.355 9.35933
48.4693 2.86494 -0.692279
62.7043 -2.67469 10.5562
35.538 3.0013 -3.44234
38.803 5.87553 0.995199
45.0156 16.5096 0.59638
23.044 10.6163 7.24377
69.3162 163.913 -29.005
374.554 479.437 -313.951
99.531 104.307 -88.3219
1476.94 2440.97 33.3362
56770 119497 66426.7
936558 626109 1.96948e+06
2.46227e+06 2.86143e+06 3.15626e+06
4.09242e+06 3.74423e+07 1.96881e+07
