read
noise
prepped
optimized
0.227814 0.800767 0.466845
4.18838 0.646418 0.133958
8.58586 0.180129 0.287903
13.1007 0.640783 0.500697
17.5113 0.683797 0.497799
21.3197 0.793786 0.216129
26.371 1.04531 0.259346
30.3259 0.290549 0.187423
34.6593 0.656137 0.30743
39.2547 0.853607 0.126416
42.7302 2.39687 0.083588
46.2939 5.35373 0.157225
49.1785 8.01645 -0.396
51.0953 12.7753 0.319396
51.9489 15.8215 -0.178854
53.8539 19.4358 -0.439816
53.3006 23.7838 0.218437
51.4385 28.0825 -0.038686
48.6879 31.0456 -0.485099
44.8445 33.1443 -0.085294
40.8351 35.4258 -0.348419
37.3459 37.2378 -0.26704
33.8355 39.2817 -0.092322
29.5364 41.8595 0.295319
26.0367 43.6422 -0.064118
21.8162 45.0508 0.331838
16.7733 46.8849 0.106973
12.4296 48.9639 0.744936
8.76142 49.8881 0.185349
4.12793 51.5721 0.066707
-0.755424 53.3871 0.3941
-5.66747 54.2822 0.756364
-10.2651 55.1258 0.2144
-15.0463 55.8171 0.59853
-19.5934 56.8985 0.915917
-23.483 57.1291 0.644607
-28.0167 57.549 0.359898
-32.9022 57.8984 0.904914
-37.5134 58.1923 0.023591
-41.1568 57.3442 0.008228
-46.1849 57.0579 0.631619
-50.4548 57.3801 -0.075448
-53.7797 57.0114 0.47054
-58.0873 56.8462 0.24103
-62.0267 59.5802 0.172158
-63.6336 62.3488 -0.496528
-65.6047 66.8966 -0.459189
-67.167 70.7746 -0.28958
-68.2127 74.8781 -0.831298
-68.0268 78.5248 -0.334522
-68.3199 82.9203 -0.476336
-66.9295 87.7309 -0.441447
-65.8 91.2214 -0.560378
-62.8089 94.7655 -0.948456
-60.3868 97.672 -0.829876
-57.2351 100.499 -1.13061
-53.8028 103.861 -1.22958
-50.7634 107.046 -0.903964
-47.8998 111.012 -1.05833
-45.4724 114.728 -0.796641
-42.1434 117.848 -1.71084
-39.7609 121.823 -1.59203
-36.9659 125.526 -2.00688
-34.6434 129.015 -1.61935
-31.491 132.563 -1.91415
-28.6271 136.453 -1.98009
-26.289 139.363 -1.58725
-23.068 144.028 -1.89289
-20.7289 146.943 -2.08944
-18.0397 150.906 -1.74839
-16.1082 154.122 -2.33322
-13.8462 157.997 -2.26477
-12.3404 162.148 -2.4634
-11.6608 165.621 -2.12461
-13.3 169.882 -2.91707
-16.3349 172.808 -2.91599
-19.7594 175.088 -3.06835
-22.4479 178.392 -3.06805
-23.5088 182.098 -3.17858
-22.063 186.21 -2.50268
-19.6434 189.326 -2.93971
-17.3039 192.669 -3.1139
-14.1176 195.699 -3.46918
-11.5077 199.058 -2.86769
-9.98887 202.471 -2.9735
-7.78186 206.528 -3.56378
-7.852 211.131 -2.96965
-10.3133 214.904 -3.47258
-13.2689 217.183 -3.38883
-16.2571 219.957 -3.13325
-19.9406 222.572 -3.34736
-23.6113 225.181 -3.88564
-26.8899 227.024 -3.59543
-29.7643 230.089 -3.76001
-33.5012 232.762 -3.82133
-36.1651 235.814 -4.21862
-40.6117 237.643 -3.54229
-43.9185 240.79 -4.23047
-47.4226 242.801 -4.28144
-51.1346 245.189 -4.20575
-54.1591 247.749 -3.97722
-57.7524 250.375 -4.32533
-61.5037 253.111 -4.39765
-64.997 254.783 -4.21427
-69.9212 254.483 -4.93859
-73.521 253.42 -4.69145
-76.8325 251.364 -4.94072
-79.6131 248.644 -4.69494
-79.3106 244.386 -4.96205
-78.032 240.416 -4.57056
-75.158 236.974 -4.08852
-71.3311 235.1 -4.22811
-67.6516 232.075 -4.44643
-64.26 229.829 -4.1252
-61.2122 227.527 -3.79934
-57.5331 224.834 -4.27625
-54.2046 222.582 -3.36964
-50.879 220.168 -3.93339
-47.1067 217.818 -3.11021
-44.2816 215.974 -3.02833
-40.0941 213.035 -3.84563
-37.0245 209.977 -3.79265
-32.7844 207.351 -3.15125
-29.5174 205.211 -3.49653
-26.1853 202.866 -3.4081
-23.2023 200.357 -3.4564
-20.7398 197.319 -2.73651
-20.1298 192.796 -2.89715
-21.204 189.14 -2.68773
-23.494 186.13 -3.4376
-26.2199 182.801 -2.61776
-29.1154 179.267 -3.18516
-31.3804 175.316 -2.72325
-34.149 172.48 -3.28815
-36.4798 168.903 -2.53438
-38.4581 165.684 -2.79179
-41.4219 161.574 -2.37252
-43.314 158.626 -2.3852
-46.5017 155.788 -2.79098
-50.5599 154.346 -2.71116
-54.6808 154.633 -3.13501
-58.6142 157.006 -2.34933
-62.191 159.203 -2.6571
-65.7723 161.164 -3.40693
-68.7771 163.756 -2.72408
-72.9973 165.429 -2.55356
-76.5079 168.605 -2.72809
-79.4751 171.28 -3.15468
-83.3005 172.942 -3.48883
-85.9118 176.105 -2.90421
-89.6326 178.686 -3.52301
-93.9184 181.297 -3.92733
-96.3545 183.987 -3.5307
-99.8394 186.38 -3.22764
-103.529 188.804 -3.15511
-106.39 191.098 -3.49028
-110.396 192.6 -3.71196
-115.509 193.454 -3.42248
-118.724 191.633 -3.88435
-121.613 188.832 -3.77737
-122.442 183.642 -4.33699
-122.184 180.211 -3.95029
-119.566 175.843 -3.71732
-117.526 173.323 -3.3233
-114.002 171.029 -3.50086
-109.952 168.126 -3.08285
-106.286 166.239 -3.31374
-102.888 163.496 -3.52934
-99.576 161.437 -3.43619
-96.1515 158.984 -3.02559
-92.2059 156.725 -3.32448
-89.3523 153.124 -3.50662
-85.3158 150.982 -3.0228
-82.2784 148.664 -2.74817
-79.0501 145.271 -2.82505
-75.7246 143.565 -2.89947
-71.673 141.204 -2.47663
-68.1409 138.779 -2.62473
-64.0102 138.587 -2.93267
-59.5259 139.023 -2.39323
-55.9242 140.72 -2.60625
-52.848 143.474 -2.956
-50.2066 146.086 -2.53255
-48.0017 149.213 -3.0418
-44.9889 152.991 -2.51497
-42.767 156.05 -2.92556
-40.2231 160.401 -2.48258
-37.6728 162.799 -3.17717
-35.6693 166.934 -2.79093
-33.4315 169.508 -2.86935
-30.7746 172.662 -2.9167
-29.7121 176.89 -3.32963
-29.7587 180.713 -3.61022
-31.7892 184.38 -2.66518
-34.6509 187.681 -2.93504
-38.1727 190.234 -2.36604
-41.7559 192.616 -2.91668
-45.6971 195.072 -2.13352
-48.357 196.821 -2.18553
-51.6561 199.164 -1.59317
-55.5496 202.301 -1.46792
-58.6043 203.868 -2.15077
-62.5875 206.736 -1.62481
-65.2903 208.624 -1.94347
-69.2431 211.781 -1.60573
-72.4884 213.495 -1.10374
-76.2378 216.344 -0.835335
-79.1109 218.327 -1.04475
-82.8883 220.874 -1.28325
-85.6618 223.535 -0.723213
-88.0682 227.591 -0.974629
-88.8695 231.529 -1.25001
-86.5243 234.874 -1.18734
-82.962 237.705 -1.06004
-78.8738 237.428 -1.4375
-75.2204 236.543 -1.33118
-71.23 233.515 -0.671182
-68.0621 231.709 -0.747781
-64.8626 229.095 -1.0543
-60.7284 226.264 -0.49446
-57.9975 224.126 -1.06042
-54.0802 222.449 -0.868092
-50.461 220.195 -0.856892
-47.7595 217.613 -0.382444
-43.8422 214.707 -0.226267
-40.3464 212.816 -0.554485
-36.4555 209.917 -0.61231
-33.5383 207.723 -0.600922
-29.9933 205.325 0.314715
-26.4347 201.975 0.424885
-23.0571 200.176 0.242359
-19.2266 199.743 -0.129521
-15.0371 200.516 -0.424884
-11.8863 202.39 0.431036
-9.13647 206.513 0.339248
-8.60438 210.074 0.024253
-9.98902 214.317 0.150425
-12.2532 217.946 -0.664999
-15.5505 220.486 0.10809
-18.5557 222.474 -0.783258
-22.1767 225.269 -0.651941
-26.2657 226.956 -0.30867
-30.14 229.958 -0.062767
-33.5589 232.279 -0.487642
-36.7604 234.495 -0.397845
-40.7015 236.67 -0.958361
-44.6019 239.685 -0.650592
-47.4562 242.044 -0.995821
-51.7876 244.739 -1.42474
-55.1364 247.37 -1.23075
-58.5951 249.464 -1.40516
-61.6615 251.979 -1.31797
-65.4486 254.502 -1.65201
-69.0377 254.991 -1.06479
-73.9688 255.18 -1.48678
-76.9822 252.726 -1.46783
-79.9 249.368 -1.22943
-82.0775 245.328 -1.41614
-84.4302 241.987 -1.51797
-86.5193 238.244 -1.27455
-89.5471 235.19 -1.27668
-91.5458 231.82 -0.763065
-95.1893 228.1 -1.25857
-97.8428 224.381 -1.4655
-100.18 221.11 -1.07384
-102.996 218.138 -0.837207
-105.499 214.678 -1.27508
-108.048 210.677 -1.42106
-109.627 207.777 -1.36396
-112.995 204.027 -0.557407
-114.846 200.339 -0.895475
-117.762 197.364 -0.625026
-119.357 193.823 -0.882389
-121.765 190.542 -1.27192
-123.386 187.105 -0.961215
-123.676 183.264 -0.797582
-122.146 178.795 -0.827196
-119.971 175.968 -0.38709
-116.188 172.778 -0.99317
-112.752 171.057 -0.737058
-109.662 168.371 -0.981501
-105.607 166.216 -0.810639
-101.68 163.066 -0.912567
-98.7719 161.316 -0.65293
-95.0897 158.605 -0.622479
-91.8951 156.384 0.236769
-88.203 153.25 -0.156873
-84.356 151.302 -0.632944
-81.0727 148.655 0.125206
-77.4654 145.261 -0.099163
-74.1924 143.09 0.267272
-71.5563 140.975 0.525544
-67.6202 138.23 -0.081397
-63.2645 137.778 0.137595
-58.6616 137.36 0.521023
-55.083 139.499 0.238847
-52.1741 141.955 -0.382405
-50.0045 145.552 -0.015666
-50.7071 150.271 0.150456
-53.0915 152.815 -0.262457
-55.8698 155.448 0.180964
-59.6413 157.987 -0.043295
-63.4529 160.012 -0.459605
-66.5623 161.557 0.023825
-70.711 164.332 0.269829
-73.7351 166.202 -0.295648
-77.7984 169.152 -0.142512
-80.7013 171.314 -0.181733
-84.5543 174.437 -0.34505
-88.3799 176.772 -0.139134
-91.6349 179.389 -0.456972
-95.2497 181.625 -0.988645
-99.0528 184.053 -0.32261
-101.648 186.264 -0.932895
-104.895 188.2 -0.905996
-108.891 191.779 -0.256348
-111.106 194.963 -0.37616
-111.69 199.258 -0.918694
-111.36 202.941 -0.520104
-109.019 206.675 -0.857127
-105.377 207.954 -1.19784
-101.166 207.99 -1.26811
-97.695 205.641 -0.597628
-93.9099 203.533 -0.333166
-90.9933 201.106 -0.548732
-87.7086 198.345 -0.017777
-84.3329 195.16 0.751936
-80.8851 192.52 0.200602
-77.2386 190.871 1.45531
-73.8793 187.942 1.73567
-69.9805 185.882 1.57867
-66.7726 183.362 1.6542
-62.8241 180.023 2.33838
-59.0063 178.44 2.30502
-55.5339 176.028 3.0434
-52.1106 173.808 2.71371
-48.6003 171.639 3.69319
-45.0598 168.356 3.70022
-43.0738 165.081 3.61484
-43.342 160.428 3.22241
-44.3105 156.616 3.60595
-47.9452 154.036 3.10929
-51.8329 153.626 3.01066
-55.8892 155.019 3.33142
-59.5728 157.217 2.92794
-62.4154 159.676 3.6175
-66.0646 162.337 3.22718
-68.7082 164.517 2.84377
-72.8874 167.051 3.38913
-75.5737 169.674 3.02645
-80.0012 173.071 3.27247
-82.6174 175.285 2.64743
-86.0373 177.84 2.91001
-89.8741 180.395 2.17314
-93.4672 182.37 2.86291
-97.1259 184.887 2.55967
-100.528 187.517 2.66815
-104.553 189.302 2.69979
-107.391 191.905 1.89565
-111.419 193.642 1.76177
-115.883 193.71 1.56677
-120.101 191.803 2.03008
-123.31 188.813 1.92231
-124.394 184.961 1.98342
-123.515 180.537 1.89897
-121.181 176.722 2.53042
-118.323 174.34 2.09431
-114.899 171.34 1.92518
-111.534 168.95 2.75331
-108.126 167.076 2.79879
-104.703 164.451 2.7777
-101.126 161.631 2.82942
-97.9361 159.755 2.94737
-93.968 156.62 2.36398
-91.1296 154.836 2.3885
-87.1683 151.435 2.96523
-83.7874 149.011 3.03416
-81.0788 146.395 3.10873
-77.4822 144.635 3.4157
-74.3025 141.137 3.20718
-70.8421 139.434 2.92301
-67.4832 137.268 3.03904
-63.0701 136.078 3.22342
-58.3822 137.621 3.01346
-54.7807 139.685 3.11531
-52.7043 143.117 3.20847
-50.5324 145.881 3.35547
-47.9181 150.15 3.02524
-45.3367 153.36 3.67402
-42.9228 156.096 3.30804
-40.5289 159.328 3.47488
-37.7892 163.411 3.15237
-35.4099 166.504 3.01461
-32.7637 170.057 3.4972
-30.0028 173.119 2.89147
-27.7403 176.57 3.05357
-25.2689 180.221 3.7274
-22.4297 183.725 2.84265
-20.4002 187.782 3.74456
-18.2657 191.029 3.50301
-15.3589 194.307 3.35114
-13.0103 197.63 2.69898
-11.2319 201.198 3.24629
-9.35873 204.754 3.17985
-8.25868 208.927 3.08743
-9.23447 213.291 2.97671
-10.5974 216.637 2.95783
-14.1053 219.49 2.675
-17.4496 221.369 3.38699
-21.1901 224.245 2.4416
-25.4035 226.99 2.77567
-29.0714 229.375 2.46411
-32.0713 231.924 2.79892
-35.6339 234.128 3.00321
-38.5277 235.873 2.74284
-42.1741 238.942 2.50677
-46.4223 241.476 2.76362
-49.3437 243.832 2.02949
-52.8179 246.453 2.70799
-55.8412 248.687 2.84395
-59.4322 251.933 2.0253
-63.3811 253.568 2.72629
-66.5987 255.617 2.38134
-70.8831 255.742 1.67724
-74.646 253.942 1.67625
-78.1417 250.622 2.64399
-79.1975 247.193 2.56101
-78.4821 243.271 2.21927
-76.1104 239.019 2.49421
-73.0293 236.411 2.70025
-70.3853 233.305 2.15064
-66.2903 230.737 2.70862
-63.4725 228.259 2.34939
-59.3159 225.575 2.23865
-56.2643 222.898 3.20119
-52.7436 219.962 3.30954
-49.6357 218.266 2.50542
-45.7623 215.37 2.84738
-42.5281 213.023 2.54744
-38.4142 210.347 3.40721
-35.1662 208.55 3.32023
-31.7265 206.135 2.58055
-28.4403 203.425 3.05927
-25.6006 201.474 2.78031
-22.1507 198.724 2.95707
-20.411 194.094 3.62783
-21.0971 190.205 3.68565
-22.3937 187.025 3.06611
-26.8012 184.385 3.52396
-30.4609 184.131 2.88309
-34.1627 185.673 3.16212
-38.2141 188.797 3.26213
-41.4702 190.778 3.66393
-44.2587 193.732 3.47708
-47.47 196.393 4.3292
-51.5946 199.147 4.32724
-54.8144 201.702 4.75213
-58.2276 204.471 4.78293
-62.202 206.641 4.80766
-65.0958 209.463 4.487
-67.9579 212.046 4.61246
-71.6529 214.076 5.08579
-75.1052 216.255 5.6767
-79.0024 219.413 5.79142
-82.5992 221.921 5.82632
-85.1115 224.995 5.31841
-86.5562 228.392 5.34377
-87.6235 232.304 5.83879
-85.7535 236.034 5.46244
-82.7023 238.942 5.5498
-78.4269 238.743 5.18047
-74.9748 237.398 5.31836
-71.2602 234.856 5.62188
-68.1744 232.472 5.82307
-64.695 229.403 5.70998
-61.8608 226.498 5.98626
-58.2586 223.363 5.68471
-54.8328 220.296 5.70494
-51.418 217.065 6.36931
-48.1418 215.237 5.90451
-44.3946 212.789 5.76399
-41.2965 209.795 5.98035
-38.3765 207.52 6.53078
-34.7363 204.424 5.93601
-30.9183 202.333 5.71098
-28.2225 199.844 6.37947
-24.1641 197.387 6.33915
-21.475 194.983 5.80877
-16.6858 193.792 6.48858
-12.9533 194.852 5.97001
-9.40913 197.687 6.47972
-8.36685 201.82 6.46081
-7.97142 206.552 5.74306
-8.4258 211.056 6.34825
-9.67044 214.03 5.73366
-13.06 217.511 6.26142
-16.1064 220.205 6.26058
-19.2371 222.216 5.5115
-23.1829 224.645 6.04041
-26.2209 226.964 6.12483
-30.0454 229.346 5.94417
-34.0722 231.948 5.57881
-38.0683 234.31 5.57962
-41.1422 236.14 5.53426
-45.1866 239.168 5.58876
-48.6671 241.325 5.72258
-52.3465 243.666 5.51468
-56.065 246.494 5.73031
-59.4066 248.201 5.03721
-63.1739 250.942 5.34217
-66.1918 252.151 5.71676
-70.2989 253.382 5.40522
-75.0307 253.481 5.51924
-78.5785 251.859 4.96385
-82.2019 249.334 5.02803
-85.1955 245.651 4.88892
-87.0025 242.418 5.75819
-89.0902 238.035 5.853
-91.9207 234.36 5.77009
-94.1965 231.545 5.72676
-96.2238 227.495 5.69233
-99.0053 224.841 5.27096
-101.195 221.569 5.86874
-104.243 217.643 6.00059
-106.497 214.196 5.7293
-108.896 211.35 5.35121
-111.57 207.492 5.56919
-114.281 204.312 6.14698
-117.177 200.747 5.33605
-119.659 196.837 5.5889
-121.865 193.384 6.01577
-123.292 190.03 5.73907
-125.022 186.023 5.48894
-124.144 181.837 6.04021
-122.913 177.553 5.72246
-119.495 174.99 6.01269
-116.139 171.477 6.13333
-112.475 170.083 5.79756
-109.587 167.856 6.187
-105.532 164.583 5.48445
-102.16 162.644 5.75481
-98.7113 160.518 5.8518
-95.3061 158.07 5.61148
-91.2042 155.734 6.41802
-87.9354 153.834 6.23513
-83.9562 150.733 6.378
-80.959 148.146 6.01305
-77.0268 146.116 5.73331
-74.0865 143.871 6.02739
-70.9442 141.609 6.63206
-67.3499 139.669 5.81499
-62.438 137.898 6.0176
-58.4097 138.911 5.791
-55.2313 141.48 5.88831
-53.1984 145.584 6.24674
-53.5033 148.972 6.56789
-55.7257 152.948 5.89752
-59.6583 155.668 6.48072
-63.28 158.157 6.67851
-65.8821 160.373 5.94419
-69.4294 162.79 6.2373
-73.4924 164.754 6.07339
-76.4774 167.184 5.80162
-80.1761 169.346 6.51773
-83.5204 171.729 6.43842
-87.4425 175.291 6.02018
-90.7962 177.638 6.15897
-94.3447 180.091 5.3831
-97.3791 182.602 6.23339
-101.972 184.212 5.75209
-104.651 187.242 5.69178
-107.428 189.903 5.59002
-110.398 192.566 5.90888
-112.389 196.85 5.93479
-112.006 200.655 6.023
-111.001 204.723 5.66031
-108.509 208.086 6.05281
-106.279 211.756 5.51387
-103.874 215.119 5.28493
-100.853 218.148 5.88061
-97.8049 221.347 5.78364
-95.8762 224.705 5.27131
-93.3642 228.743 5.74192
-90.8865 231.394 5.38487
-88.1796 235.035 5.62544
-84.3589 237.081 5.15743
-81.4765 238.488 5.08415
-76.9316 239.172 5.89329
-73.1113 237.44 5.33699
-68.9958 234.695 5.91252
-65.8749 232.282 5.95123
-62.9454 230.198 5.74993
-59.5197 227.354 6.05046
-56.3242 223.726 5.80577
-52.9111 221.445 5.98418
-49.7383 218.989 6.26167
-46.6015 215.882 6.02521
-43.2826 213.915 6.11288
-39.3932 211.427 6.02724
-35.9261 208.872 6.02962
-32.5233 206.358 5.58573
-29.3648 203.029 6.36445
-26.6132 200.703 6.01167
-24.0437 196.915 5.85882
-22.3905 192.953 5.97117
-21.5626 189.468 5.80189
-23.1343 184.529 6.16881
-25.8728 181.438 6.59755
-27.6702 178.114 6.29481
-30.0264 174.006 6.13724
-33.537 170.546 6.3776
-36.1832 167.514 6.00397
-38.2126 164.315 6.73333
-41.2772 160.101 6.69104
-44.1101 157.135 6.13281
-46.0761 153.831 6.13874
-49.2611 150.144 6.89712
-51.4235 146.677 6.47037
-54.603 143.838 6.10108
-57.9199 141.88 6.20271
-61.5323 140.165 6.74754
-66.173 139.789 6.11547
-69.6787 140.509 5.97798
-73.8284 143.067 6.80364
-77.4305 145.818 6.07171
-80.5196 147.884 6.67793
-84.2263 151.599 6.58643
-87.2222 153.226 6.13103
-90.6643 156.166 5.86004
-93.5025 158.81 6.26881
-97.3523 161.338 6.2873
-100.407 163.647 5.924
-104.387 165.935 5.74349
-107.917 169.118 6.16197
-111.241 171.474 5.95491
-114.656 173.75 6.31049
-117.468 175.588 5.6775
-119.75 178.821 5.47047
-121.682 183.221 5.69695
-121.052 187.512 5.999
-119.222 191.075 5.37994
-117.44 194.781 5.97675
-115.174 198.769 5.43165
-112.386 201.852 5.87672
-109.471 204.605 5.28294
-107.781 208.339 6.22108
-105.736 211.642 5.21422
-102.302 215.16 5.4749
-100.02 217.837 5.69543
-97.4257 221.55 5.42326
-95.4305 224.194 5.80104
-92.7265 228.441 5.99441
-90.1454 230.979 5.40329
-88.3025 234.473 6.00698
-85.4014 237.841 5.13312
-83.3678 241.087 5.72343
-80.742 245.062 5.08319
-77.8399 247.963 5.42166
-74.4892 251.347 5.6884
-70.956 253.526 5.68983
-66.8441 253.451 5.12118
-63.237 251.686 5.28676
-59.6199 249.942 5.04358
-56.0186 247.19 5.386
-52.8736 244.788 5.44675
-48.6982 242.549 4.9998
-45.9686 240.19 5.38534
-41.9689 237.699 5.66273
-38.1577 234.908 5.26063
-34.9709 232.212 6.17543
-31.3731 229.786 5.36618
-28.2732 226.881 5.95424
-24.8036 224.801 5.81584
-21.3319 222.258 6.19951
-17.9736 220.443 5.55387
-14.6131 217.874 6.14841
-11.2074 214.924 5.93473
-9.29785 211.36 5.64651
-7.98861 206.663 6.2161
-9.38144 203.046 5.7394
-11.7158 199.666 6.54668
-14.8727 197.307 5.71632
-19.2253 196.335 5.66507
-23.1936 197.332 6.39238
-26.8178 199.023 6.60281
-30.1902 200.796 6.05509
-34.1013 204.114 6.45148
-36.5053 206.524 6.26406
-39.7485 208.696 6.10308
-43.3903 211.385 5.97701
-47.1517 214.263 6.351
-50.6406 217.322 6.04087
-53.8061 220.13 6.17055
-56.9647 222.777 6.02605
-60.4848 225.665 5.41196
-64.0396 227.938 5.32077
-68.5215 230.75 5.31307
-71.1687 233.176 6.13193
-74.9621 234.424 5.71287
-78.8462 235.42 5.4459
-83.5284 236.042 5.58089
-87.8382 234.351 5.85108
-91.6775 233.068 5.4258
-94.9443 229.497 5.85428
-98.0649 226.312 5.44515
-100.64 223.163 5.66609
-103.514 220.106 5.77135
-106.476 216.485 6.05417
-108.583 212.847 5.70914
-110.482 209.336 5.36348
-113.514 206.01 5.78255
-115.525 202.487 6.1574
-117.229 198.184 6.19737
-118.653 194.295 6.04709
-120.403 190.687 5.69257
-120.811 186.099 5.74743
-120.665 182.154 5.34514
-118.956 178.679 5.9025
-116.026 175.156 6.28321
-113.237 172.446 6.3064
-109.753 170.518 6.15019
-105.879 168.239 6.38615
-102.595 164.962 6.20852
-99.0314 162.713 5.92816
-95.1572 161.216 6.44877
-91.4406 158.629 6.34898
-88.3714 156.116 6.65442
-84.2797 154.244 6.13977
-80.6762 151.853 6.38433
-77.5815 149.665 6.41789
-73.7559 147.453 5.85074
-70.8531 146.009 6.23466
-67.2175 143.57 6.69974
-63.4845 141.998 6.22012
-59.305 140.617 6.18499
-54.9433 141.147 5.92216
-51.5571 142.681 5.94573
-48.3507 145.536 6.5551
-46.439 148.996 6.43564
-45.02 152.971 6.71175
-43.4277 156.799 6.69742
-41.4258 160.78 6.12834
-39.5951 164.639 6.3898
-36.5362 167.93 6.22107
-34.3027 171.118 6.62631
-30.6885 173.526 6.61111
-27.9633 177.157 6.74514
-25.3532 179.63 6.09937
-23.0652 183.195 6.38929
-21.0102 187.247 6.67736
-21.1022 191.123 6.36933
-22.6554 195.462 6.07703
-26.0957 198.231 6.31452
-29.3535 201.378 6.49686
-31.8135 203.806 6.12991
-35.2864 206.941 6.58875
-38.9301 209.961 5.97515
-42.0264 212.695 5.76483
-45.7968 214.907 5.85898
-49.2049 217.787 5.97806
-51.8816 220.122 5.58293
-55.4997 222.45 6.32593
-58.7708 224.875 6.19965
-62.3384 227.559 5.85445
-65.5584 230.779 5.9581
-68.2142 233.307 5.2564
-72.0073 235.763 5.97529
-75.4519 237.862 5.85424
-79.5199 239.584 5.50932
-83.3401 238.813 5.08649
-86.9614 236.809 5.57617
-89.8542 233.137 5.3075
-89.8696 229.247 5.85196
-88.4037 225.41 5.28019
-85.1569 222.095 5.47307
-82.0078 219.025 5.79613
-78.4754 216.236 5.70204
-75.0054 214.458 5.33026
-71.7556 211.936 5.23712
-68.3873 208.926 5.29669
-65.1405 206.045 5.18419
-62.0143 203.102 4.86111
-58.0502 201.264 4.46035
-54.9107 198.745 4.21407
-51.6968 196.119 3.61538
-48.1225 193.364 3.85145
-44.7585 190.857 3.76274
-40.8567 188.248 3.82131
-37.9047 186.099 2.99597
-34.0356 183.179 2.61918
-31.7158 180.233 2.63051
-30.8958 176.128 2.87122
-32.6212 171.801 2.72533
-35.4188 169.411 3.01751
-40.1469 168.923 3.41774
-43.8293 169.74 3.33102
-46.7979 171.639 2.91102
-50.6704 174.673 2.85697
-54.3026 176.861 3.02384
-57.2557 179.651 1.96951
-60.2976 182.399 2.17408
-64.6218 185.235 1.76127
-67.2919 187.284 2.21142
-70.8155 189.679 1.71036
-74.3962 192.286 1.25542
-77.7524 194.972 1.06216
-81.778 197.367 0.650389
-84.6591 199.467 0.129488
-88.3642 202.359 -0.2283
-91.897 204.698 -0.293514
-95.4164 207.409 -0.621781
-97.4396 209.939 -0.704923
-99.1849 214.469 -0.304477
-97.9415 218.7 -0.487151
-96.0089 221.177 -0.937259
-91.3571 222.714 -0.639813
-87.725 222.164 -0.388539
-83.3709 220.067 -0.975765
-80.5038 216.664 -1.29555
-77.0702 214.042 -0.871242
-73.6821 211.624 -1.37836
-70.3645 209.716 -1.28996
-67.2208 207.119 -1.17954
-64.0511 204.233 -1.93658
-59.8195 201.633 -2.18582
-56.6709 199.441 -2.38468
-52.831 196.819 -2.47266
-49.7705 195.007 -2.33153
-46.671 192.277 -2.37523
-42.6649 189.523 -3.25919
-39.5728 187.641 -3.23544
-36.3316 184.983 -3.52635
-33.5486 182.623 -3.19377
-29.6691 179.937 -3.65395
-26.8262 177.822 -3.27592
-23.3216 175.478 -4.14194
-19.799 172.625 -3.04208
-16.0555 170.345 -3.64084
-14.6161 166.928 -3.19796
-15.2772 162.32 -3.1518
-17.2959 159.143 -3.86346
-20.9951 156.547 -3.61224
-23.6758 153.242 -3.35822
-25.9932 149.226 -3.41993
-29.079 145.456 -3.76631
-31.6541 142.168 -3.76948
-33.4609 138.428 -3.20322
-35.8159 135.438 -3.46306
-37.9468 131.477 -3.06274
-40.8224 128.421 -3.43402
-42.8669 124.371 -2.78237
-44.9737 120.722 -2.76875
-47.1705 117.418 -1.96525
-49.7387 113.781 -2.00878
-53.3571 111.633 -1.82964
-56.687 109.968 -2.33527
-61.4016 112.209 -1.74885
-64.3424 113.791 -2.13349
-68.0857 117.047 -1.4006
-70.955 120.003 -2.10576
-74.1661 122.366 -1.93854
-77.1753 124.581 -1.59116
-81.1074 127.341 -1.69026
-84.5392 130.207 -1.49305
-87.7864 132.933 -1.62144
-91.8521 135.182 -1.17499
-95.7636 137.596 -1.38449
-98.3448 140.234 -1.4026
-102.512 142.252 -1.41414
-105.111 145.54 -1.90245
-108.79 147.81 -2.01586
-111.708 149.638 -1.91468
-114.86 152.489 -2.06385
-118.537 154.676 -1.43686
-121.719 157.351 -1.85116
-125.837 160.32 -1.79776
-128.929 162.361 -2.49134
-132.516 165.074 -1.82309
-135.418 168.412 -1.96347
-139.157 169.634 -2.33933
-143.228 170.579 -2.53518
-147.038 170.127 -2.61606
-150.809 167.473 -1.93511
-152.626 164.136 -2.60346
-155.117 160.209 -2.6261
-157.837 156.747 -2.25824
-160.089 153.303 -1.54548
-163.271 150.255 -1.73544
-166.526 148.459 -2.05426
-170.915 148.778 -1.76802
-173.821 150.313 -1.66917
-177.295 153.024 -2.10981
-178.897 156.209 -2.70026
-177.465 161.257 -2.08304
-175.519 164.389 -2.61632
-172.554 168.279 -2.86154
-169.551 171.524 -1.99482
-166.999 174.846 -2.7741
-163.854 178.038 -3.0906
-160.886 181.782 -2.92787
-158.622 185.612 -2.98539
-156.249 188.425 -3.15855
-152.904 191.937 -3.06443
-150.584 195.52 -2.84279
-147.506 198.447 -3.47922
-145.134 202.33 -3.30838
-142.581 205.036 -3.31025
-140.618 208.54 -3.23263
-137.549 212.228 -3.92795
-135.324 216.102 -3.87175
-133.174 219.147 -3.45139
-130.117 222.275 -4.03146
-127.457 225.176 -4.00595
-123.626 226.179 -3.89986
-119.496 223.926 -3.94071
-115.862 221.119 -4.2073
-112.726 218.371 -3.88215
-109.412 215.882 -3.37864
-107.021 214.236 -3.79708
-103.076 211.521 -3.55039
-100.352 209.133 -3.93871
-97.0702 205.83 -3.61533
-92.9847 203.322 -2.97625
-90.14 201.089 -2.87097
-86.8689 198.567 -2.82254
-83.3658 196.312 -2.1779
-80.0244 192.832 -2.13795
-76.3668 190.476 -1.70062
-72.9883 188.183 -1.8135
-68.9281 185.618 -1.86498
-65.4387 182.893 -1.30108
-61.8171 179.883 -1.22356
-58.9595 177.721 -1.76123
-55.7239 175.912 -1.54423
-52.276 172.475 -0.950537
-48.9465 170.059 -0.497465
-45.2356 167.878 -1.4677
-41.3738 165.253 -1.25301
-37.4903 165.791 -1.5296
-34.5155 168.023 -1.1253
-31.6716 171.324 -1.33067
-30.153 175.397 -1.55503
-29.5988 179.326 -1.86566
-32.3409 182.997 -1.13339
-34.9184 185.904 -1.45843
-38.1047 188.956 -0.846264
-42.0564 191.715 -0.829255
-44.6259 194.197 -0.225194
-48.2203 196.812 0.006532
-51.8365 199.247 0.684786
-55.6059 201.608 0.527527
-59.1321 204.006 0.91022
-61.7922 206.701 0.865559
-65.8786 209.298 1.22983
-69.4799 212.088 1.55432
-72.8103 214.626 2.07979
-75.779 217.109 2.16562
-79.5633 219.815 2.41012
-82.8213 221.94 2.24558
-86.6469 224.677 2.30019
-90.536 225.792 2.30365
-94.2312 225.825 2.39936
-98.2077 223.678 2.72845
-100.402 219.715 3.11866
-101.286 216.378 3.11594
-100.329 212.032 2.39517
-98.4753 208.718 2.68986
-95.6285 205.152 3.31842
-91.7636 202.97 3.47144
-88.7212 200.505 3.00493
-85.528 197.949 3.9177
-81.4609 195.798 3.71845
-78.3213 193.375 4.34935
-75.1803 189.998 4.13177
-71.0956 188.163 3.92244
-68.2846 185.017 4.05928
-65.3568 183.249 4.85745
-61.9853 180.27 4.66128
-58.6263 177.958 4.75612
-54.7675 175.27 4.71656
-51.3807 173.075 5.13701
-48.4702 170.477 5.22063
-45.8095 167.116 5.77891
-44.6727 163.043 5.01698
-45.077 158.807 5.28279
-47.3344 155.453 5.42422
-51.1168 152.777 5.5937
-54.6163 152.639 5.94326
-58.3316 153.704 5.26144
-62.5718 156.766 5.89201
-65.8512 159.102 5.31963
-69.2981 160.749 5.44798
-72.8096 164.068 5.40327
-76.3547 165.989 5.68746
-79.2821 168.136 6.13909
-82.7948 171.024 5.589
-86.7328 173.228 5.67815
-90.0752 175.827 5.53642
-93.7833 178.359 6.32116
-97.0962 180.931 6.44199
-100.136 183.379 6.28884
-103.034 185.804 6.52845
-106.998 188.766 5.8282
-108.94 192.146 6.36613
-110.892 195.901 5.68984
-111.377 200.162 6.29645
-110.773 203.886 6.36453
-108.447 207.97 6.22013
-106.01 211.724 5.55679
-103.197 214.806 6.07867
-100.195 218.041 5.8536
-97.7815 221.316 5.86876
-94.9048 224.099 5.42222
-92.1372 227.287 5.82681
-89.8114 230.924 5.96544
-86.8128 233.907 5.18756
-83.7379 236.602 5.21565
-79.312 237.569 5.41188
-74.5603 236.864 5.50718
-71.4434 235.49 5.12441
-67.3802 232.132 4.93071
-64.942 230.382 5.38954
-61.4639 227.345 4.9685
-57.6343 224.86 5.15566
-54.5345 221.965 4.62416
-51.9547 219.844 5.00876
-48.0743 217.131 5.50236
-45.0604 214.617 5.40398
-42.2069 212.062 4.54092
-38.4515 209.594 4.86639
-35.6403 206.862 4.90111
-32.5007 205.217 4.54382
-29.3076 202.174 5.22728
-26.1381 198.694 5.04344
-23.8506 195.194 4.25644
-22.1975 191.359 5.0672
-22.4349 187.38 4.26912
-22.7164 184.061 4.94612
-24.4799 179.811 5.03201
-26.0252 175.896 4.83197
-29.2778 172.698 4.83927
-32.6795 170.338 4.91161
-36.6521 169.325 4.63178
-40.2728 169.588 5.30123
-44.6387 170.692 5.17624
-48.3479 172.561 5.39326
-51.4448 175.77 5.02301
-55.0289 177.213 5.41558
-58.7029 180.179 5.09842
-61.8387 182.849 4.30268
-65.3583 185.043 4.31731
-68.0394 186.851 4.80123
-71.7528 189.626 4.13185
-75.1228 192.066 3.44875
-78.2141 195.144 4.23618
-82.4162 197.688 3.86442
-85.5431 199.766 2.99308
-88.4058 202.648 3.46073
-92.2568 205.363 3.22159
-95.6003 207.262 2.40039
-98.3001 211.39 2.81678
-99.0463 215.29 2.17989
-97.8397 219.682 2.75895
-95.6844 222.989 2.70028
-93.3828 226.835 2.25678
-90.4569 230.042 2.60442
-88.1231 233.409 1.87847
-85.7741 235.96 2.78601
-82.4631 238.408 2.47676
-78.3379 238.216 2.2136
-74.3088 236.96 2.47362
-70.6533 235.446 2.43331
-67.0504 232.767 1.83675
-63.8022 230.003 2.50328
-60.7858 228.18 2.03378
-56.8658 225.092 1.65366
-53.5631 223.06 2.05625
-50.6763 220.565 1.56659
-47.4343 217.786 1.78448
-44.0361 214.977 1.89293
-40.5939 212.742 2.0967
-37.1962 209.699 2.1927
-34.457 206.936 2.11493
-31.0685 204.5 1.3548
-27.7646 202.02 1.97899
-24.0653 199.525 2.13065
-21.4418 196.103 1.88987
-20.8331 192.238 1.58321
-21.2328 187.61 1.78451
-22.7745 184.454 1.63556
-25.2734 180.245 1.57774
-27.5651 177.631 1.42477
-30.1213 173.809 1.93916
-32.0475 170.897 1.44658
-35.3687 167.714 2.16658
-37.2903 163.444 2.46125
-40.0935 160.471 2.31904
-42.9219 156.945 2.33898
-45.9989 153.828 2.59073
-49.9189 152.989 2.22125
-54.1965 153.136 2.18442
-57.7433 154.633 2.45628
-61.2377 157.192 2.90107
-65.1351 159.257 2.78725
-68.5821 162.007 2.01505
-71.2514 164.277 2.75347
-74.9075 166.585 2.52911
-78.1241 170.123 2.99023
-81.1142 172.487 2.74283
-84.9574 175.031 3.02253
-87.9982 177.459 3.0879
-91.3919 179.905 2.41823
-94.7355 182.619 2.60877
-98.0286 185.001 2.55209
-101.715 187.527 3.00258
-104.811 190.505 2.79277
-107.827 193.413 3.233
-109.981 196.672 3.1618
-110.161 200.917 3.11433
-109.042 205.01 2.35256
-107.282 208.67 2.74826
-104.71 212.721 2.99205
-101.664 215.989 2.07352
-98.9549 218.633 2.65543
-96.7755 221.651 2.89124
-94.2569 225.798 2.28952
-91.0552 228.236 2.15007
-88.9188 231.737 2.37328
-86.1279 234.813 2.01209
-83.0181 238.932 2.50253
-80.6277 242.267 2.46246
-77.8787 245.801 2.31682
-75.2661 249.336 2.18062
-72.4403 251.64 1.87236
-67.6955 253.372 1.82939
-64.079 252.915 1.94622
-59.9982 250.43 1.62587
-56.0316 248.215 1.90492
-52.6911 246.404 1.75256
-49.9613 243.968 1.82356
-46.3214 240.709 1.36959
-43.0022 238.961 1.81118
-39.944 236.341 1.46758
-36.2908 233.381 1.13851
-33.0323 230.64 1.78514
-28.6684 228.355 1.19429
-26.063 225.385 1.00231
-21.6584 222.899 1.8466
-19.293 220.849 1.32544
-15.2105 217.623 1.28157
-12.2699 214.922 1.37637
-9.80332 211.73 1.56487
-9.1187 207.136 1.41359
-10.4737 202.733 1.70993
-12.7432 199.712 1.51737
-14.4052 196.075 1.90195
-17.1763 192.466 1.2341
-20.0053 189.673 1.96162
-22.6338 186.509 2.03106
-24.6732 182.763 1.66956
-27.6745 179.954 1.56832
-30.4151 175.802 1.63213
-32.2815 172.933 1.81471
-35.6475 169.259 2.11057
-37.595 165.696 2.4774
-40.5064 162.626 2.12424
-42.7847 159.575 1.94016
-44.7962 156.333 2.63983
-47.2023 152.732 1.93991
-49.7516 149.211 2.22855
-52.5441 146.321 2.14826
-54.3936 142.517 2.28589
-57.8728 139.797 2.2425
-61.4742 137.249 2.04706
-64.6765 136.391 2.22495
-69.684 137.002 2.21573
-72.5562 138.875 2.51614
-76.1633 141.964 2.80326
-79.4056 144.941 2.27925
-83.1604 147.422 2.87068
-85.6536 150.504 3.08533
-89.4305 152.833 2.79121
-92.7163 155.58 2.95215
-96.1368 158.551 2.33609
-99.4868 161.64 2.24789
-102.905 163.859 2.57829
-106.239 166.249 2.4883
-109.614 168.358 3.02528
-113.158 171.678 2.32025
-116.328 173.922 2.871
-119.074 176.906 3.01594
-121.131 180.881 2.3375
-120.867 186.105 2.94851
-119.754 189.452 2.30753
-117.405 193.638 2.64199
-115.673 196.46 2.62801
-113.063 200.122 2.21705
-111.024 203.652 2.95026
-108.834 206.928 2.86645
-105.988 210.33 2.17468
-103.615 213.696 2.7703
-100.94 217.56 2.4616
-98.0098 220.081 2.5341
-94.0116 222.636 2.0624
-90.5065 222.587 2.39202
-86.3659 221.845 2.82548
-83.1175 220.137 2.50225
-79.1704 217.57 2.04084
-76.5329 214.32 1.8881
-72.2212 212 1.21368
-69.6195 209.666 1.53521
-66.3693 207.192 1.33881
-62.731 204.638 1.27215
-59.2166 201.707 0.357252
-56.2988 199.155 0.215701
-52.1064 196.381 0.381289
-48.8783 194.034 -0.290105
-45.9941 191.629 0.133026
-41.8866 189.124 -0.847907
-38.8204 186.743 -0.527304
-35.8125 184.454 -0.821975
-33.6447 180.275 -0.72754
-32.7168 177.277 -1.22981
-32.543 172.481 -1.53787
-34.9993 168.708 -0.751663
-37.0139 165.495 -1.16868
-39.5562 161.453 -0.791498
-41.6162 158.006 -1.17919
-44.2409 155.629 -0.830169
-48.4387 153.626 -1.36879
-51.9469 152.747 -0.746413
-56.0947 153.373 -0.898212
-60.2323 155.789 -1.28802
-63.8374 157.957 -1.08634
-67.2457 160.111 -1.22424
-69.8334 163.151 -0.642403
-73.3927 165.472 -0.459963
-77.488 168.688 -1.26993
-80.6929 171.375 -0.353607
-83.6195 173.005 -0.293035
-87.2596 175.578 -0.46538
-90.8881 178.856 -0.640706
-94.6786 180.708 -0.835878
-98.0799 183.728 -0.737408
-101.195 186.08 -1.21419
-105.075 189.062 -0.976245
-107.916 191.945 -0.822539
-109.474 194.91 -0.794537
-110.797 199.472 -0.948391
-110.151 203.263 -1.04057
-107.984 207.043 -0.886103
-106.185 210.477 -0.675124
-102.861 213.256 -0.457419
-100.228 217.142 -1.24595
-98.2927 220.593 -0.476827
-95.4666 223.044 -1.17462
-92.8505 226.119 -1.35266
-91.1265 229.629 -0.7753
-88.6021 232.779 -1.37518
-85.2922 235.817 -1.36132
-81.5988 237.737 -0.928816
-77.3755 238.608 -1.52362
-73.9995 237.417 -1.4625
-70.3241 234.941 -1.42787
-66.6884 232.957 -1.54628
-63.0953 230.101 -1.16248
-59.7695 227.28 -1.40036
-56.8434 224.922 -1.56083
-52.7195 222.297 -1.23865
-49.7055 219.397 -1.51221
-46.8118 216.761 -1.07505
-42.9122 214.281 -1.58864
-40.1197 211.906 -1.06421
-35.9537 209.312 -1.50798
-32.4081 206.13 -1.71756
-28.9051 204.188 -1.04271
-25.5237 200.99 -1.69952
-22.8286 198.636 -0.992602
-21.7804 194.588 -1.63142
-21.1206 190.764 -1.5797
-22.6269 186.766 -1.51837
-24.5155 182.199 -1.16302
-27.0057 179.181 -1.29189
-29.2275 175.439 -1.44765
-31.4869 172.683 -1.21174
-33.9613 168.889 -0.990467
-36.5257 166.286 -0.781337
-38.7735 162.348 -1.161
-41.4411 159.127 -0.573287
-43.7219 155.587 -0.577893
-45.8673 153.089 -1.00352
-49.0406 149.344 -0.679045
-50.7951 145.147 -1.46199
-54.2661 142.367 -1.12649
-57.7007 140.132 -1.12464
-61.239 137.955 -0.52431
-65.2689 137.763 -1.37659
-69.6487 139.255 -0.673288
-73.0854 141.579 -1.24588
-76.8334 144.155 -1.28457
-79.8894 147.381 -0.81359
-83.7277 149.935 -1.10685
-86.5136 152.748 -0.968917
-89.8685 155.339 -0.73763
-92.8885 157.698 -1.07683
-96.8001 159.942 -1.02018
-99.9156 163.369 -0.390519
-103.173 165.051 -0.895844
-107.489 167.265 -0.649353
-110.273 169.63 -0.206805
-114.611 172.147 -0.412434
-117.599 174.94 -0.83855
-119.443 178.084 -0.773723
-121.404 182.395 -0.576845
-120.465 186.797 -0.413674
-119.608 191.085 -0.773178
-117.358 193.965 -0.458579
-115.098 196.939 -1.05369
-112.402 200.508 -0.790201
-110.122 204.158 -0.409905
-107.535 207.649 -1.04855
-104.469 210.162 -0.436867
-102.004 214.205 -1.30242
-99.9874 217.367 -1.09745
-97.6746 220.275 -1.04355
-94.7866 224.01 -0.706693
-91.8969 227.531 -0.833336
-89.4874 230.519 -1.05573
-87.428 234.583 -0.78455
-84.788 237.929 -1.4378
-82.6631 241.302 -0.946221
-79.3621 244.402 -1.17019
-77.0451 248.502 -1.33213
-74.109 250.873 -1.28196
-69.531 252.982 -1.72586
-65.155 252.949 -1.29804
-61.5377 251.64 -1.66131
-58.0095 249.237 -1.99618
-54.816 247.027 -2.03071
-50.4638 244.18 -1.31251
-47.1508 242.02 -1.17996
-43.418 238.525 -1.8554
-40.744 236.765 -1.98123
-36.3916 233.718 -1.99337
-32.8754 231.037 -1.69438
-29.5153 228.698 -1.41388
-26.7346 225.909 -1.99656
-22.7165 223.843 -1.20566
-18.9544 221.924 -1.42047
-15.8286 218.931 -1.4303
-12.7745 215.922 -1.44
-10.5939 212.12 -2.15355
-9.93168 208.175 -1.84261
-10.2513 204.253 -2.00575
-11.4092 200.322 -1.83805
-14.2786 197.152 -1.94719
-16.4405 193.273 -1.62941
-18.7962 189.725 -0.975739
-21.5496 186.285 -1.63605
-23.5391 183.411 -0.90574
-25.7203 179.428 -1.42416
-28.5655 176.116 -1.38358
-30.9194 172.87 -1.05037
-33.709 169.961 -1.25076
-38.3862 168.42 -1.41389
-41.5615 168.564 -1.02277
-45.9181 170.013 -0.638887
-49.4579 172.539 -1.58277
-52.2256 174.307 -1.38925
-55.3235 177.093 -1.29512
-59.1163 179.558 -1.48294
-61.7189 181.906 -2.08024
-65.8534 185.073 -2.50204
-68.7833 186.932 -2.15843
-72.1604 189.794 -2.59762
-75.7053 192.525 -2.84112
-79.0486 195.415 -3.06115
-82.0894 197.693 -3.29343
-85.7433 199.553 -3.65503
-89.0848 202.332 -4.02807
-91.9792 205.246 -3.61725
-95.1716 207.372 -4.52987
-98.1914 210.761 -4.83238
-98.09 215.451 -4.83567
-97.8307 219.326 -4.72839
-95.6378 222.447 -4.79616
-92.691 226.38 -4.31943
-90.364 228.85 -4.44162
-88.281 232.151 -4.26521
-85.5396 235.841 -5.20494
-83.1928 239.595 -4.43818
-80.0634 242.765 -4.61384
-77.8433 246.037 -5.2301
-75.3906 249.595 -5.14628
-72.0713 252.786 -4.95867
-68.3006 253.748 -4.78778
-63.709 253.391 -4.86576
-60.2946 251.804 -4.79901
-57.0443 249.83 -5.06521
-52.983 246.456 -4.99734
-49.6169 244.192 -5.02073
-46.2391 241.954 -5.12762
-43.5554 239.415 -5.00822
-39.6925 236.605 -5.41321
-36.6245 233.809 -4.70945
-32.6775 231.427 -4.6165
-29.4856 228.273 -4.47855
-26.2749 225.623 -4.51476
-23.1876 223.158 -4.71759
-19.7613 220.428 -4.67782
-16.4857 217.656 -4.58264
-13.2098 215.371 -4.22553
-11.0191 211.779 -4.57985
-8.60729 207.775 -5.17115
-9.55433 204.256 -4.25369
-11.38 199.639 -4.42383
-13.7735 196.567 -4.54957
-15.8622 193.172 -4.29405
-18.7856 190.15 -4.53385
-21.4983 187.409 -3.73875
-23.878 183.566 -4.42691
-26.9176 180.615 -4.56508
-29.274 176.975 -3.69842
-31.8405 173.545 -4.06817
-34.2414 170.065 -4.19461
-36.6651 167.026 -3.56493
-39.2098 164.087 -3.82458
-42.0106 160.856 -3.88137
-44.0073 157.195 -4.09903
-46.5351 153.603 -3.27982
-49.5474 151.097 -3.71449
-51.8763 147.474 -3.92334
-54.6822 144.124 -3.53434
-57.2541 140.554 -3.33042
-60.8661 138.761 -3.46142
-64.7902 137.585 -3.97
-68.6828 139.101 -3.20555
-72.6311 140.152 -3.00394
-75.9097 142.887 -3.39874
-79.3944 145.278 -3.31007
-82.9484 147.653 -3.83114
-85.7087 150.533 -3.09085
-88.8361 153.483 -3.10653
-92.6203 156.158 -3.63302
-95.5399 158.843 -4.10252
-98.4722 160.794 -3.77244
-102.845 163.607 -4.13535
-106.033 166.577 -3.73386
-108.935 168.556 -3.59279
-113 170.979 -3.94832
-115.49 173.701 -4.0275
-118.738 176.829 -3.64831
-120.949 180.141 -4.05725
-122.004 183.831 -4.09123
-121.431 188.809 -4.51261
-118.831 191.624 -4.12174
-117.149 195.601 -4.64071
-114.084 199.058 -4.6777
-111.209 202.089 -4.35317
-108.949 205.006 -4.20504
-106.992 208.85 -4.83763
-104.132 212.498 -4.43551
-101.527 215.466 -4.23811
-99.2922 219.291 -4.99217
-96.5545 222.959 -4.31494
-93.6509 226.43 -4.62011
-91.6799 229.589 -4.25709
-88.9166 233.055 -4.81306
-85.992 235.514 -5.14955
-82.6738 238.403 -4.74952
-78.7528 238.402 -5.27724
-74.3583 237.837 -4.35016
-71.1716 236.087 -4.74734
-66.9309 233.548 -4.48481
-64.4313 231.044 -4.41877
-60.8483 229.151 -4.97292
-57.8774 226.374 -5.11181
-54.424 223.5 -4.41545
-50.6778 221.667 -4.70366
-47.623 219.472 -4.60789
-44.7385 216.697 -4.77116
-41.1801 213.99 -4.19655
-37.9165 211.508 -4.36772
-34.4196 209.131 -3.88294
-31.139 206.455 -3.91039
-28.2033 204.175 -4.17294
-24.3107 200.774 -3.78049
-22.3715 198.293 -3.93605
-20.5261 194.511 -4.09331
-20.1512 189.831 -4.28319
-21.6882 186.763 -4.16948
-24.4012 182.777 -3.77909
-26.2388 180.129 -3.7805
-28.7091 176.488 -3.38899
-31.4223 173.626 -4.07405
-33.7868 170.067 -3.8338
-36.4726 166.663 -3.71313
-39.3937 162.987 -3.9279
-42.2664 159.872 -3.32675
-44.2159 156.736 -3.01946
-47.8652 154.231 -3.78826
-51.7381 153.285 -2.88121
-55.3973 153.242 -2.98333
-60.1542 155.072 -3.07014
-62.9387 157.894 -2.81602
-67.0881 160.21 -3.17194
-70.5704 163.074 -3.24368
-73.6132 165.957 -3.29819
-77.5619 168.513 -3.76417
-81.3026 170.688 -3.15041
-84.4684 174.232 -3.74806
-87.8329 175.912 -3.53056
-90.3266 178.46 -3.7839
-94.5823 181.375 -3.48108
-97.1199 184.215 -4.16782
-101.199 185.953 -3.94254
-104.795 189.382 -3.68282
-107.109 191.581 -3.26998
-110.081 194.686 -4.03779
-110.646 199.315 -4.36058
-109.119 202.975 -3.949
-107.719 207.325 -4.24238
-105.313 211.357 -4.5401
-106.24 215.514 -4.05099
-109.406 218.147 -4.83424
-112.122 221.3 -5.00055
-114.766 223.812 -4.64194
-118.405 225.809 -5.12808
-122.294 228.149 -5.03081
-126.731 227.755 -4.97646
-130.857 226.242 -4.9214
-134.621 223.706 -5.36899
-137.789 221.298 -5.27983
-140.626 217.804 -5.04881
-143.366 214.244 -4.61468
-145.736 210.826 -5.13419
-149.307 207.506 -4.69519
-151.359 203.61 -4.77813
-154.166 200.123 -4.42829
-157.427 195.925 -4.03701
-160.139 191.489 -4.40359
-164.06 187.582 -4.18704
-166.746 183.282 -4.34504
-170.119 179.782 -4.36301
-173.068 175.651 -3.71881
-176.02 171.498 -3.43351
-178.816 167.949 -3.32972
-181.307 163.896 -3.22966
-184.358 160.212 -3.14724
-186.509 156.088 -3.14334
-189.318 152.774 -3.03179
-191.723 148.813 -3.57827
-194.333 145.174 -2.84721
-195.953 140.665 -3.49924
-198.603 137.042 -3.2163
-199.929 133.437 -2.9196
-202.162 129.409 -2.92887
-203.982 124.498 -2.87341
-205.317 120.832 -3.09147
-207.155 117.038 -2.32271
-207.781 112.563 -2.8146
-208.847 108.452 -2.20658
-210.447 104.151 -2.59439
-211.457 100.205 -2.40889
-212.278 96.9418 -1.93372
-212.961 92.0879 -2.1117
-213.397 88.9652 -2.61366
-214.083 84.199 -1.86491
-214.627 79.8971 -1.6994
-215.069 74.1732 -1.91007
-214.573 70.2272 -1.64376
-214.342 65.1535 -1.77269
-214.924 60.9601 -1.5205
-214.295 56.355 -1.68424
-214.245 51.5646 -1.63206
-213.406 46.9465 -1.21543
-212.467 43.4046 -1.88378
-211.829 38.785 -1.01126
-210.444 34.7972 -1.65262
-209.911 30.3812 -1.55409
-208.957 26.6172 -1.76056
-207.397 23.1909 -1.36906
-204.095 19.4791 -1.26866
-201.21 16.6716 -0.808023
-196.492 14.839 -0.505474
-193.171 15.1454 -0.448597
-188.347 14.9309 -1.1363
-184.108 16.6684 -0.875886
-179.57 17.0351 -0.549105
-175.339 18.6419 -0.611912
-171.758 20.1389 -0.590198
-167.818 21.0055 -0.494893
-163.083 22.43 -0.326266
-159.069 23.6011 -0.869976
-155.35 25.2528 -0.652956
-150.58 27.3216 -0.802282
-145.704 28.1889 -0.715671
-142.356 30.0877 -0.271108
-136.803 30.8728 -0.399471
-132.2 32.7276 -0.174269
-127.572 34.2868 -0.926145
-122.439 36.2795 -0.882056
-118.186 38.1394 -0.097577
-113.672 39.3407 -0.07064
-108.379 41.1096 -0.337345
-104.447 42.7522 -0.366883
-99.3571 43.4661 0.180797
-95.576 44.6077 -0.491636
-90.9333 46.2911 0.108756
-86.5357 47.5928 -0.161845
-82.3346 48.1201 0.635649
-77.5838 49.3922 -0.036949
-73.6907 49.9547 0.378803
-69.5153 50.7225 0.568465
-64.7471 51.6444 0.498013
-60.7579 51.8147 0.137785
-56.1442 52.4394 0.668675
-51.5198 52.3106 0.308117
-47.2125 52.8682 0.187981
-43.0585 52.0091 0.970802
-38.5836 51.8806 0.584088
-34.675 51.3573 0.643395
-29.8782 51.2089 0.519595
-25.6954 49.9882 1.17519
-21.5976 50.0034 0.892829
-16.8142 48.5662 0.382451
-12.7028 47.8789 0.91807
-7.89529 46.9279 0.143798
-3.38583 46.0957 0.892651
0.778869 44.6914 0.913606
4.60101 43.3841 0.534187
8.40634 41.4707 0.39914
12.6127 39.7798 0.607575
16.9236 37.4977 -0.295906
20.5358 35.3453 0.273636
23.649 33.9639 0.143689
27.3472 32.0976 0.156195
32.171 29.2446 0.144247
35.4525 27.6686 -0.819969
39.3645 24.7209 -0.765781
42.7356 22.0973 -0.17255
44.4157 18.5993 -0.313461
44.4012 14.5686 -0.33118
43.7046 10.5607 -0.770129
41.8416 6.61703 -0.895995
39.7017 3.6724 -0.711357
36.8789 0.231677 -0.561999
32.5524 -1.35642 -0.952147
28.2536 -2.33627 -0.239047
24.381 -2.65343 -0.703187
20.1503 -2.18426 0.22439
15.8396 -2.44897 0.330973
11.8392 -3.23653 -0.242686
7.59526 -2.98577 0.401215
3.55868 -2.20686 0.450381
1.12997 0.808134 0.057566
-0.219393 4.70278 0.145468
-0.498662 9.24841 0.170973
0.043326 13.0797 0.452901
-0.10037 17.5042 0.504012
0.083819 21.8838 0.109266
