-1.03685e-07 4.21486e-07 -2.82872e-09
4.15448 -0.0665998 0.000388534
8.31256 -0.180046 -0.013302
12.6006 -0.188643 -0.090692
16.7872 -0.109872 -0.0662362
20.9349 0.0247958 -0.0924153
25.4522 0.111999 -0.141431
29.5253 0.154002 -0.220358
34.0053 0.277244 -0.331862
38.2918 0.810583 -0.436367
42.1777 2.32375 -0.583901
45.6327 4.90664 -0.672541
48.1142 8.162 -0.727827
50.0122 12.0446 -0.796009
51.5321 15.7878 -0.860947
52.7624 19.6341 -0.922125
52.2888 23.9387 -0.948331
50.2093 27.366 -0.843616
47.1065 30.222 -0.768551
43.4795 32.6094 -0.694215
39.8287 34.7982 -0.614367
35.7921 37.054 -0.545765
32.2204 38.9613 -0.435016
28.4151 40.8765 -0.356872
24.2482 42.8322 -0.283403
20.1647 44.5788 -0.217502
15.7333 46.2907 -0.148024
11.1536 47.9122 -0.0962082
7.24576 49.1577 -0.0597825
2.41598 50.4872 0.00126017
-2.39211 51.6377 0.0307246
-7.03378 52.5991 0.0691117
-11.8463 53.4849 0.0777443
-16.4794 54.2253 0.0730086
-21.0079 54.8075 0.0458363
-25.4923 55.2677 0.00823467
-29.7713 55.582 -0.0576215
-34.0157 55.7493 -0.0967729
-38.7283 55.7383 -0.202457
-42.9646 55.5645 -0.286257
-47.4126 55.2261 -0.333137
-51.5318 54.7214 -0.449313
-55.6118 54.2457 -0.541425
-59.7417 54.4885 -0.679265
-63.319 56.2769 -0.886141
-65.7606 59.7552 -0.895903
-67.5764 63.5898 -1.15754
-69.1137 67.7271 -1.39061
-70.0692 71.6728 -1.67984
-70.6675 75.8575 -1.73697
-70.6337 79.9493 -1.59228
-69.9657 84.1773 -1.65657
-68.379 88.2843 -1.89604
-65.9657 91.5519 -2.09153
-63.0944 94.7132 -2.25418
-60.1711 98.0309 -2.42062
-57.3697 101.426 -2.60973
-54.51 105.002 -2.84515
-51.648 108.67 -3.04993
-48.793 112.483 -3.27293
-46.4393 115.693 -3.48633
-43.7739 119.472 -3.76049
-41.1971 123.273 -4.0099
-38.694 126.969 -4.21019
-36.244 130.544 -4.38186
-33.6774 134.288 -4.55197
-31.065 138.224 -4.71767
-28.5785 142.106 -4.88048
-26.1831 146.018 -5.03242
-24.0168 149.467 -5.18125
-21.7618 153.103 -5.32115
-19.6759 157.006 -5.47165
-18.2684 161.138 -5.68433
-18.3459 165.229 -5.9442
-20.1738 169.111 -6.25153
-23.2162 172.083 -6.32134
-26.6879 174.182 -6.37677
-29.8748 176.798 -6.61546
-31.099 180.901 -6.78448
-29.7232 184.874 -6.9095
-27.3778 188.355 -7.06506
-25.0618 191.609 -7.25582
-22.684 195.033 -7.44166
-20.3652 198.537 -7.64196
-18.2337 202.047 -7.82698
-16.8159 206.147 -8.02009
-17.1013 210.288 -8.1949
-19.2579 213.941 -8.34122
-22.5547 216.474 -8.38435
-26.0311 218.453 -8.54954
-29.688 220.661 -8.73684
-33.3132 223.178 -8.88305
-36.5458 225.575 -9.0184
-39.9168 228.05 -9.13814
-43.36 230.482 -9.26016
-47.0125 232.919 -9.38599
-50.7452 235.294 -9.62604
-54.4653 237.634 -9.82122
-58.0636 239.893 -9.99796
-61.7072 242.168 -10.1944
-65.4608 244.514 -10.3972
-68.8653 246.62 -10.5826
-72.6075 248.699 -10.7217
-76.7345 250.139 -10.9079
-80.887 250.342 -11.0652
-84.9238 249.194 -11.0863
-88.2242 246.791 -10.9883
-90.4235 243.268 -10.7953
-90.5013 239.074 -10.5037
-88.5261 235.477 -10.1838
-85.3326 232.666 -9.90643
-81.7344 230.259 -9.7262
-78.0581 228.033 -9.58647
-74.097 225.674 -9.42131
-70.6251 223.584 -9.26459
-67.092 221.471 -9.10012
-63.4416 219.258 -8.92786
-59.9405 217.141 -8.72568
-56.3498 214.946 -8.49116
-52.9694 212.783 -8.38467
-49.1426 210.332 -8.26733
-45.4263 207.942 -8.13263
-41.719 205.627 -7.98895
-38.3241 203.486 -7.84731
-34.6801 201.187 -7.62691
-31.3367 198.77 -7.53427
-28.7459 195.609 -7.43318
-28.0149 191.562 -7.2248
-29.3169 187.805 -7.02008
-31.462 184.485 -6.9051
-33.8893 180.91 -6.80545
-36.1587 177.403 -6.69749
-38.3915 173.758 -6.59159
-40.7053 170.127 -6.46857
-42.9798 166.6 -6.30561
-45.1069 163.189 -6.14404
-47.2064 159.653 -5.96567
-49.3806 156.19 -5.79842
-52.3375 153.196 -5.74057
-56.076 151.71 -5.74553
-60.058 151.855 -5.76957
-64.1812 153.261 -5.8163
-68.0759 155.207 -6.01848
-71.6019 157.218 -6.15464
-75.2295 159.376 -6.26721
-78.931 161.608 -6.38814
-82.6601 163.894 -6.49868
-86.4485 166.241 -6.61273
-89.8132 168.367 -6.81384
-93.2006 170.54 -7.02968
-97.0126 173.006 -7.2338
-100.678 175.413 -7.40259
-104.165 177.732 -7.5524
-107.821 180.198 -7.72182
-111.132 182.426 -7.8444
-114.556 184.607 -7.96854
-118.65 186.259 -8.19001
-123.029 186.276 -8.33692
-126.928 184.377 -8.41162
-129.344 181.098 -8.35345
-130.062 176.699 -8.1357
-129.124 172.699 -7.88412
-126.8 169.043 -7.6154
-123.728 166.246 -7.40087
-120.091 163.95 -7.30643
-116.1 161.855 -7.15885
-112.599 159.892 -7.01292
-109.082 157.839 -6.86461
-105.413 155.574 -6.69482
-101.898 153.309 -6.50241
-98.3461 150.948 -6.27478
-94.6922 148.481 -6.12915
-91.1459 146.048 -6.03872
-87.5792 143.587 -5.89786
-84.0707 141.177 -5.763
-80.7827 138.919 -5.60806
-77.0565 136.639 -5.44545
-73.0223 135.096 -5.27388
-68.9538 134.597 -5.27164
-64.8096 135.19 -5.28376
-60.9679 137.039 -5.35963
-57.8737 139.922 -5.47498
-55.4978 143.224 -5.5441
-53.21 146.722 -5.6132
-51.0335 150.166 -5.66736
-48.7138 153.831 -5.737
-46.3255 157.575 -5.8935
-44.1174 161.02 -6.04366
-41.9644 164.396 -6.19628
-39.7921 167.799 -6.34697
-37.7226 171.234 -6.50301
-36.6102 175.099 -6.63273
-37.1753 179.096 -6.75984
-39.4059 182.548 -6.84679
-42.6348 185.267 -6.79604
-46.1011 187.545 -6.6653
-49.8131 189.824 -6.57232
-53.2582 191.945 -6.52447
-56.6772 194.066 -6.45868
-60.2426 196.262 -6.40513
-63.8115 198.467 -6.34364
-67.3118 200.641 -6.31269
-71.0028 202.905 -6.28127
-74.5166 205.055 -6.24929
-78.0689 207.227 -6.23338
-81.5366 209.341 -6.19627
-85.2956 211.595 -6.17356
-88.8125 213.671 -6.1511
-92.3407 215.823 -6.13067
-95.653 218.281 -6.23055
-98.1868 221.74 -6.51784
-98.7355 226.093 -6.74738
-97.015 229.828 -6.89644
-93.4037 232.248 -6.9982
-89.3605 232.551 -6.93409
-85.5526 231.351 -6.74852
-81.7516 229.267 -6.62223
-78.3136 227.175 -6.51304
-74.6936 224.97 -6.35128
-70.9602 222.694 -6.20534
-67.3424 220.493 -6.0241
-63.7701 218.347 -5.84697
-60.2349 216.244 -5.67352
-56.6709 214.145 -5.51266
-53.1604 212.075 -5.40881
-49.66 209.977 -5.31448
-45.8122 207.584 -5.22689
-42.3193 205.228 -5.10722
-39.0373 202.797 -4.94874
-35.481 200.252 -4.79499
-31.8028 198.284 -4.71944
-27.7078 197.534 -4.76038
-23.4562 198.579 -4.82452
-20.1277 201.176 -4.94627
-18.1637 204.848 -5.11398
-17.7913 208.997 -5.32725
-19.1883 213.091 -5.51462
-21.7929 216.106 -5.59372
-24.9983 218.48 -5.71666
-28.5689 220.717 -5.85641
-32.2312 222.895 -5.97377
-35.9468 225.061 -6.08222
-39.6487 227.191 -6.191
-43.3891 229.374 -6.30448
-47.1733 231.606 -6.43364
-50.8981 233.845 -6.59791
-54.7145 236.136 -6.78293
-58.4885 238.441 -6.99628
-62.1841 240.717 -7.14925
-65.8298 243.01 -7.25294
-69.2885 245.248 -7.38217
-72.8158 247.576 -7.51929
-76.3287 249.577 -7.71306
-80.5204 250.616 -7.87947
-84.6546 249.926 -7.89357
-88.119 247.543 -7.80351
-90.5122 244.008 -7.66556
-92.4871 240.447 -7.49003
-94.6496 236.619 -7.30223
-96.9539 232.859 -7.11117
-99.2488 229.389 -6.92333
-101.817 225.757 -6.81965
-104.445 222.162 -6.71546
-107.052 218.516 -6.59525
-109.528 214.988 -6.47719
-111.941 211.468 -6.3696
-114.301 207.867 -6.24076
-116.484 204.364 -6.10543
-118.677 200.792 -5.96467
-120.933 197.244 -5.82635
-123.209 193.681 -5.77595
-125.415 190.297 -5.70583
-127.625 186.913 -5.6319
-129.748 183.333 -5.54641
-131.091 179.432 -5.42334
-131.032 175.35 -5.25149
-129.468 171.452 -5.04648
-126.601 168.357 -4.77233
-123.139 166.06 -4.58255
-119.396 163.935 -4.43344
-115.57 161.725 -4.28304
-111.873 159.507 -4.14868
-108.145 157.24 -3.97248
-104.445 154.961 -3.76495
-100.865 152.759 -3.55551
-97.2552 150.508 -3.37142
-93.673 148.246 -3.26205
-90.0428 145.96 -3.16595
-86.2911 143.487 -3.03982
-82.7351 141.025 -2.89916
-79.3692 138.626 -2.74986
-76.0613 136.396 -2.60433
-72.1779 134.474 -2.52292
-67.9445 133.503 -2.49282
-63.8905 133.839 -2.4701
-60.0167 135.638 -2.50043
-56.963 138.655 -2.58137
-55.4077 142.468 -2.68707
-55.9457 146.614 -2.8086
-58.3796 149.815 -2.90435
-61.9039 152.05 -2.94583
-65.5713 153.809 -3.05464
-69.5419 155.802 -3.22015
-73.1226 157.756 -3.34355
-76.7575 159.892 -3.42581
-80.3515 162.07 -3.52499
-84.0178 164.328 -3.62689
-87.6844 166.582 -3.72832
-91.369 168.848 -3.91971
-95.0537 171.116 -4.13557
-98.8358 173.441 -4.35212
-102.424 175.664 -4.51912
-105.996 177.861 -4.65663
-109.508 180.038 -4.80193
-112.934 182.224 -4.92966
-116.27 184.798 -5.09772
-118.833 188.106 -5.36713
-120.092 191.998 -5.59462
-119.845 195.962 -5.73839
-117.597 199.52 -5.85654
-113.802 201.414 -5.87599
-109.697 201.324 -5.76514
-106.019 199.822 -5.54043
-102.491 197.504 -5.19939
-99.2774 195.164 -4.8183
-95.8897 192.79 -4.40718
-92.2773 190.353 -4.01622
-88.6234 187.991 -3.65114
-84.8874 185.654 -3.293
-81.0884 183.339 -2.88976
-77.6783 181.256 -2.53981
-73.8805 178.952 -2.188
-70.0883 176.687 -1.85642
-66.2313 174.478 -1.53067
-62.5814 172.478 -1.16851
-58.8195 170.496 -0.826983
-55.2161 168.39 -0.451923
-51.9475 165.765 -0.297156
-49.6738 162.283 -0.14498
-48.9989 158.308 0.0426626
-50.2065 154.257 0.235959
-53.3451 151.352 0.257795
-57.2605 150.495 0.218997
-61.1115 151.452 0.164233
-64.8761 153.565 0.0815914
-68.2269 155.878 -0.118435
-71.7892 158.423 -0.354488
-75.2714 160.854 -0.50473
-78.9177 163.313 -0.629775
-82.5089 165.659 -0.746909
-86.1804 168.045 -0.908788
-89.7666 170.338 -1.12696
-93.3429 172.571 -1.34978
-97.0261 174.85 -1.55469
-100.881 177.186 -1.7682
-104.59 179.394 -1.91579
-108.182 181.486 -2.09854
-111.75 183.592 -2.24379
-115.348 185.592 -2.38073
-119.49 187.01 -2.65382
-123.926 186.829 -2.82805
-127.796 185.021 -2.88492
-130.495 181.847 -2.81833
-131.577 177.789 -2.6807
-130.828 173.517 -2.47663
-128.45 169.906 -2.20097
-125.174 167.047 -1.90069
-121.746 164.783 -1.76042
-118.086 162.616 -1.61421
-114.289 160.465 -1.41984
-110.817 158.495 -1.25752
-107.057 156.251 -1.01459
-103.473 153.985 -0.807101
-99.8517 151.581 -0.611496
-96.3368 149.231 -0.414556
-92.8234 146.86 -0.243051
-89.2753 144.478 -0.102676
-85.8692 142.182 0.0321417
-82.5594 139.927 0.181068
-79.0984 137.559 0.367075
-75.6527 135.364 0.551819
-71.9065 133.658 0.630394
-67.5175 133.143 0.670213
-63.6265 134.231 0.695631
-60.1623 136.773 0.660654
-57.5155 139.982 0.5603
-55.2881 143.49 0.466541
-53.0664 147.113 0.377947
-50.8266 150.611 0.30053
-48.5428 154.099 0.256984
-46.2127 157.612 0.0684089
-43.8509 161.173 -0.0836345
-41.5201 164.701 -0.226699
-39.1922 168.246 -0.361494
-36.9009 171.774 -0.506685
-34.6124 175.392 -0.656412
-32.3956 179 -0.782971
-30.2105 182.625 -0.917081
-28.0672 186.18 -1.02689
-25.9663 189.665 -1.24406
-23.7348 193.228 -1.43146
-21.5202 196.6 -1.59543
-19.2211 200.239 -1.76418
-17.5735 204.187 -1.97857
-17.19 208.574 -2.2287
-18.1354 212.473 -2.42806
-20.3121 215.905 -2.58318
-23.5224 218.579 -2.68163
-27.2902 220.74 -2.822
-31.1286 222.783 -2.99711
-34.9556 224.936 -3.12866
-38.7222 227.181 -3.25533
-42.4374 229.425 -3.38238
-45.9865 231.584 -3.52457
-49.3861 233.676 -3.71177
-53.0635 235.961 -3.8982
-56.7821 238.3 -4.10496
-60.4116 240.612 -4.28212
-64.0572 243.052 -4.45982
-67.3665 245.327 -4.62664
-70.8685 247.773 -4.78638
-74.4879 249.926 -4.93736
-78.4595 251.083 -5.14668
-82.694 250.873 -5.23275
-86.4987 249.283 -5.20276
-89.4995 246.029 -5.0537
-90.426 241.828 -4.83265
-89.4218 237.78 -4.56713
-86.9292 234.199 -4.25701
-83.8856 231.412 -3.97789
-80.2673 228.843 -3.82312
-76.804 226.521 -3.69954
-73.2291 224.182 -3.55234
-69.5538 221.814 -3.3604
-65.808 219.454 -3.10016
-62.1544 217.185 -2.9058
-58.5852 214.985 -2.7299
-54.9874 212.791 -2.58544
-51.3754 210.614 -2.43153
-47.6956 208.4 -2.31293
-44.179 206.323 -2.21249
-40.6671 204.291 -2.07174
-37.0454 202.113 -1.88663
-33.7548 199.81 -1.68826
-30.7394 196.867 -1.60083
-28.838 193.171 -1.42268
-28.5863 188.903 -1.18492
-30.4321 185.184 -1.00266
-33.9898 182.892 -0.942842
-38.2829 182.572 -0.957128
-42.0342 183.994 -1.03254
-45.5638 186.244 -1.01706
-49.0755 188.746 -0.950346
-52.55 191.147 -0.909382
-56.102 193.604 -0.862565
-59.5792 195.976 -0.837262
-62.9557 198.272 -0.816272
-66.6308 200.715 -0.799954
-70.4508 203.195 -0.758467
-73.9122 205.408 -0.773625
-77.433 207.632 -0.762227
-80.8968 209.79 -0.713077
-84.7694 212.122 -0.670171
-88.3765 214.355 -0.641309
-91.8664 216.774 -0.622941
-94.8367 219.607 -0.756474
-96.9718 223.014 -1.00787
-97.8179 227.164 -1.27181
-96.6015 231.001 -1.46522
-93.551 233.744 -1.60422
-89.4231 234.428 -1.57157
-85.5743 233.112 -1.36636
-81.9584 230.683 -1.18183
-78.6333 228.037 -1.01666
-75.1964 225.214 -0.800661
-71.7271 222.339 -0.592631
-68.1843 219.531 -0.355782
-64.6023 216.833 -0.12469
-61.064 214.318 0.121138
-57.3695 211.836 0.352926
-53.8899 209.613 0.501342
-50.4991 207.441 0.634168
-46.9061 205.073 0.779723
-43.3624 202.668 0.975499
-39.8653 200.294 1.16753
-36.4292 197.986 1.35941
-32.8915 195.751 1.46746
-29.2397 193.93 1.56778
-25.0444 193.364 1.62833
-21.0947 194.692 1.56953
-18.2465 197.733 1.45632
-16.8131 201.907 1.24662
-16.6143 206.296 0.969319
-17.5255 210.274 0.72202
-19.5006 213.794 0.53474
-22.3619 216.666 0.405091
-25.7326 219.102 0.184299
-29.3843 221.37 -0.0210589
-32.8452 223.372 -0.145912
-36.8122 225.568 -0.283517
-40.4993 227.569 -0.435208
-44.1756 229.543 -0.576597
-48.1176 231.664 -0.721083
-51.9306 233.738 -0.913127
-55.6949 235.803 -1.15576
-59.2391 237.792 -1.36636
-63.1978 240.042 -1.568
-66.95 242.225 -1.70179
-70.6308 244.385 -1.84598
-74.3148 246.427 -1.96219
-78.0807 248.047 -2.16811
-82.1927 248.857 -2.33126
-86.3395 248.495 -2.39094
-90.2775 246.71 -2.36119
-93.4821 243.744 -2.26866
-96.0085 240.046 -2.08829
-98.1493 236.126 -1.86071
-100.211 232.278 -1.6144
-102.426 228.31 -1.4704
-104.454 224.845 -1.34939
-106.609 221.309 -1.20306
-108.79 217.839 -1.06947
-111.032 214.412 -0.901685
-113.379 210.88 -0.783749
-115.715 207.393 -0.63521
-118.005 203.991 -0.470666
-120.444 200.276 -0.289702
-122.782 196.704 -0.181373
-125.079 193.103 -0.09422
-127.281 189.43 0.01583
-129.281 185.793 0.144214
-130.903 181.95 0.311693
-131.594 177.807 0.494449
-131.125 173.689 0.719595
-129.205 169.844 0.995109
-126.066 166.81 1.28479
-122.173 164.344 1.46354
-118.613 162.336 1.61539
-114.961 160.351 1.78649
-111.214 158.316 1.93279
-107.468 156.27 2.15123
-103.803 154.249 2.34352
-100.118 152.199 2.55818
-96.5081 150.142 2.78452
-92.8694 148.025 2.90966
-89.2214 145.866 3.03329
-85.5729 143.649 3.17054
-82.1371 141.5 3.33193
-78.4261 139.1 3.55556
-74.9128 137.02 3.737
-71.0559 135.43 3.8444
-66.6575 134.808 3.89731
-62.5461 135.771 3.93263
-59.2166 138.587 3.84896
-57.8711 142.448 3.72042
-58.5055 146.461 3.52877
-60.9423 149.831 3.37938
-64.5776 152.333 3.27769
-68.3505 154.319 3.05802
-71.9299 156.196 2.83162
-75.5192 158.159 2.67998
-79.1554 160.232 2.56561
-82.8715 162.458 2.41566
-86.5062 164.737 2.24058
-90.1927 167.062 2.03065
-93.9778 169.437 1.81493
-97.6824 171.708 1.60009
-101.382 173.919 1.36077
-104.921 175.976 1.18235
-108.706 178.114 1.04179
-112.227 180.249 0.92281
-115.443 182.588 0.796156
-118.331 185.732 0.50004
-120.137 189.665 0.211657
-120.607 193.642 0.0126719
-119.84 197.607 -0.140666
-117.976 201.377 -0.326254
-115.526 205.034 -0.489452
-113.222 208.349 -0.633055
-110.927 211.652 -0.763925
-108.463 215.31 -0.912456
-106.233 218.626 -1.04091
-103.854 222.27 -1.18147
-101.518 225.94 -1.30767
-99.2264 229.241 -1.40787
-96.2484 231.995 -1.52205
-92.608 233.636 -1.58292
-88.537 233.902 -1.50604
-84.6024 232.793 -1.30499
-80.6699 230.614 -1.15453
-77.3087 228.25 -1.03339
-74.1046 225.953 -0.846676
-70.5719 223.445 -0.668188
-66.9179 220.895 -0.432631
-63.4183 218.495 -0.220474
-59.8607 216.113 0.0205204
-56.3716 213.823 0.234891
-52.8732 211.553 0.384372
-49.4592 209.327 0.514719
-45.7316 206.883 0.674331
-42.1642 204.567 0.842792
-38.7826 202.35 1.04325
-35.3362 199.78 1.262
-32.4114 196.719 1.41617
-30.5286 192.884 1.62432
-30.0265 188.634 1.8838
-30.9876 184.376 2.08511
-32.7565 180.743 2.21974
-34.8931 177.135 2.36175
-37.224 173.468 2.515
-39.653 169.762 2.68879
-42.0923 166.099 2.84237
-44.5583 162.397 3.01312
-46.8968 158.849 3.17857
-49.1734 155.385 3.36993
-51.5127 151.744 3.46554
-53.8139 148.155 3.55962
-56.1283 144.61 3.66106
-58.6163 141.286 3.76202
-61.6764 138.461 3.82681
-65.4403 136.62 3.83677
-69.5519 136.06 3.82203
-73.889 136.955 3.77715
-77.5267 138.736 3.58498
-81.1313 141.015 3.37312
-84.9425 143.506 3.19019
-88.6775 145.949 3.05789
-91.984 148.111 2.9143
-95.3228 150.292 2.77164
-98.9961 152.657 2.58181
-102.37 154.803 2.3937
-106.077 157.134 2.15189
-109.749 159.392 1.89506
-113.319 161.544 1.72085
-116.781 163.597 1.59997
-120.526 165.727 1.44085
-123.887 167.908 1.28533
-126.757 170.914 1.01714
-128.479 174.915 0.726407
-128.606 179.257 0.500765
-127.396 183.137 0.334503
-125.233 186.976 0.194262
-123.054 190.344 0.0918016
-120.922 193.788 0.00540932
-118.914 197.255 -0.0888162
-116.906 200.661 -0.258206
-114.819 204.088 -0.414757
-112.606 207.612 -0.574677
-110.417 211.062 -0.71624
-108.174 214.617 -0.85426
-105.924 218.176 -1.00494
-103.705 221.708 -1.14163
-101.521 225.217 -1.27183
-99.4329 228.599 -1.39017
-97.3094 232.054 -1.55394
-95.2246 235.464 -1.74013
-92.862 239.24 -1.94062
-90.4448 242.81 -2.11863
-87.771 246.051 -2.25142
-84.2267 248.461 -2.33202
-80.118 249.131 -2.29082
-75.9481 247.965 -2.0996
-72.2149 246.023 -1.93544
-68.7571 244.046 -1.80615
-65.0848 241.909 -1.62134
-61.3056 239.672 -1.49067
-57.6387 237.483 -1.30134
-53.9161 235.238 -1.09339
-50.0043 232.854 -0.836018
-46.2148 230.553 -0.627159
-42.6669 228.387 -0.479865
-39.1398 226.235 -0.349831
-35.6746 224.116 -0.208937
-32.2809 222.025 -0.0705525
-28.7376 219.872 0.0964827
-24.997 217.568 0.312584
-21.5712 214.981 0.479932
-18.8911 211.664 0.641219
-17.8215 207.739 0.85493
-18.4849 203.722 1.09555
-20.4641 200.117 1.28389
-23.6368 197.391 1.39991
-27.7692 196.161 1.4213
-31.9559 196.506 1.41618
-35.7204 197.823 1.38557
-39.3927 199.896 1.1851
-43.1071 202.409 0.948367
-46.3634 204.681 0.80015
-49.64 206.995 0.682708
-53.3147 209.565 0.50708
-57.0016 212.098 0.314611
-60.6563 214.582 0.108501
-64.3213 217.04 -0.108379
-68.0007 219.459 -0.319813
-71.6837 221.84 -0.559561
-75.2436 224.089 -0.735414
-79.1107 226.376 -0.920524
-82.8507 228.316 -1.03871
-86.7285 229.783 -1.15741
-90.7071 230.563 -1.32003
-95.1516 230.473 -1.40158
-99.288 229.161 -1.39553
-102.771 226.872 -1.38903
-105.864 223.824 -1.31741
-108.646 220.451 -1.20566
-111.058 217.206 -1.07189
-113.598 213.447 -0.915545
-115.895 209.735 -0.763068
-118.085 205.979 -0.594838
-120.088 202.355 -0.420983
-122.035 198.62 -0.224007
-123.868 194.803 -0.135604
-125.536 190.962 -0.0075516
-127.023 187.041 0.144703
-128.23 183.016 0.321888
-128.723 178.927 0.522168
-127.983 174.848 0.740872
-125.994 171.17 1.02154
-122.979 168.034 1.29255
-119.727 165.606 1.45707
-116.117 163.397 1.6072
-112.432 161.32 1.74685
-108.675 159.25 1.92477
-104.988 157.263 2.16065
-101.36 155.334 2.36857
-97.4529 153.323 2.58643
-93.4563 151.329 2.75651
-89.9441 149.576 2.89666
-86.326 147.72 3.01597
-82.6819 145.789 3.11446
-79.1754 143.867 3.25973
-75.6878 141.928 3.47817
-71.9425 139.92 3.70473
-68.0515 138.294 3.74879
-63.8128 137.645 3.81625
-59.7281 138.386 3.84399
-56.1835 140.415 3.82998
-53.3418 143.493 3.73915
-51.304 147.249 3.62375
-50.0645 151.088 3.5046
-48.9212 154.998 3.38551
-47.5341 158.796 3.16904
-45.527 162.572 2.99592
-43.1979 166.077 2.83383
-40.6797 169.404 2.69055
-38.0316 172.734 2.54775
-35.3893 175.987 2.41021
-32.8986 179.076 2.29369
-30.5811 182.508 2.15786
-29.2116 186.583 2.01767
-29.5322 190.687 1.75181
-31.4717 194.547 1.52936
-34.6383 197.761 1.38592
-38.0832 200.414 1.16188
-41.3752 202.783 0.946355
-44.8644 205.201 0.784195
-48.4254 207.603 0.641979
-51.9753 209.952 0.475278
-55.5383 212.295 0.301608
-59.0323 214.556 0.16477
-62.4174 216.782 -0.0383515
-66.028 219.166 -0.2896
-69.5564 221.568 -0.534906
-73.0406 224.027 -0.74183
-76.5027 226.529 -0.897267
-79.819 228.97 -1.06164
-83.0808 231.359 -1.20375
-86.6304 233.412 -1.40889
-90.8389 234.304 -1.59698
-94.9213 233.609 -1.62075
-98.4334 231.31 -1.51916
-100.604 227.636 -1.37086
-100.782 223.355 -1.15771
-98.9422 219.496 -0.896566
-95.8263 216.553 -0.580635
-92.3616 214.077 -0.501991
-88.8442 211.785 -0.508737
-85.1992 209.49 -0.51773
-81.5293 207.179 -0.557337
-77.8533 204.83 -0.574129
-74.2375 202.507 -0.588281
-70.5986 200.168 -0.595417
-66.9637 197.85 -0.615568
-63.4378 195.575 -0.668634
-59.9755 193.352 -0.730047
-56.3074 191.047 -0.766176
-52.792 188.889 -0.825505
-49.2496 186.776 -0.855772
-45.5245 184.496 -0.952806
-42.2329 182.082 -0.9583
-39.6445 178.845 -0.823188
-38.5578 174.781 -0.662841
-39.5474 170.714 -0.474209
-42.3886 167.835 -0.369934
-46.5384 166.783 -0.351803
-50.4041 167.725 -0.389519
-53.9584 169.744 -0.453588
-57.366 171.917 -0.835754
-61.0604 174.252 -1.18355
-64.7434 176.516 -1.5398
-68.3974 178.752 -1.86636
-72.0433 180.988 -2.19635
-75.6592 183.198 -2.53731
-79.2392 185.405 -2.89221
-82.9185 187.64 -3.23842
-86.538 189.838 -3.60741
-90.1306 192.02 -3.95741
-93.7404 194.193 -4.36547
-97.2878 196.307 -4.74001
-100.816 198.438 -5.11208
-104.144 200.728 -5.51104
-106.984 203.731 -5.81687
-108.577 207.728 -6.10431
-108.164 211.83 -6.29571
-105.728 215.141 -6.39975
-101.853 216.655 -6.38379
-97.8319 216.174 -6.20851
-93.9313 214.239 -6.02368
-90.2455 211.809 -6.04567
-86.7888 209.515 -6.05519
-83.0934 207.173 -6.05285
-79.687 205.084 -6.06306
-76.2028 202.97 -6.11212
-72.5813 200.819 -6.15293
-68.9179 198.665 -6.17792
-65.1244 196.412 -6.20943
-61.5132 194.258 -6.27847
-58.0108 192.156 -6.32086
-54.397 189.941 -6.37819
-50.9536 187.793 -6.42606
-47.5411 185.661 -6.50908
-44.092 183.45 -6.64488
-40.6685 181.273 -6.74067
-37.0893 179.032 -6.7574
-33.5685 176.908 -6.6639
-30.0344 174.805 -6.53996
-26.5774 172.795 -6.28387
-22.9755 170.555 -6.27156
-20.7842 167.145 -6.16922
-21.3548 162.943 -5.94396
-23.4669 159.398 -5.77578
-25.9746 155.903 -5.64054
-28.3798 152.505 -5.5077
-30.9267 148.706 -5.37536
-33.3827 144.805 -5.21956
-35.457 141.37 -5.08361
-37.6242 137.608 -4.92692
-39.6 134.091 -4.7907
-41.5795 130.535 -4.61883
-43.7357 126.605 -4.36643
-45.9266 122.849 -4.11415
-48.0277 119.385 -3.82403
-50.101 115.891 -3.56645
-52.421 112.257 -3.31721
-55.1755 109.266 -3.14124
-59.1206 107.854 -3.10254
-63.245 109.143 -3.09494
-66.6912 111.501 -3.17225
-70.0547 113.949 -3.27352
-73.6243 116.383 -3.37646
-77.0315 118.599 -3.47365
-80.6488 120.887 -3.61767
-84.2915 123.139 -3.76293
-87.9761 125.381 -3.89979
-91.8016 127.682 -4.07572
-95.6706 130.005 -4.24369
-99.6726 132.376 -4.41749
-103.115 134.424 -4.58007
-106.629 136.507 -4.73602
-110.089 138.572 -4.91911
-113.651 140.71 -5.10705
-117.109 142.8 -5.30835
-120.716 144.978 -5.5059
-124.209 147.069 -5.71212
-127.71 149.198 -5.92551
-131.516 151.546 -6.16681
-135.167 153.847 -6.42822
-138.622 156.1 -6.68569
-142.305 158.481 -6.96592
-146.065 160.253 -7.21346
-150.279 160.795 -7.39717
-154.238 159.543 -7.47838
-157.406 156.566 -7.44852
-159.606 152.885 -7.33576
-161.624 149.038 -7.20487
-163.493 145.473 -7.06069
-165.707 142.014 -6.93556
-168.433 138.906 -6.87272
-171.998 136.877 -6.89781
-176.041 136.622 -7.09219
-179.84 138.088 -7.2987
-183.154 140.561 -7.59886
-184.986 144.199 -7.97279
-184.071 148.547 -8.12532
-181.742 152.246 -8.22673
-179.133 155.947 -8.33048
-176.643 159.493 -8.4133
-174.04 163.272 -8.51794
-171.694 166.702 -8.61383
-168.943 170.724 -8.73347
-166.58 174.164 -8.85262
-164.147 177.69 -8.96995
-161.699 181.223 -9.09612
-159.233 184.764 -9.21478
-156.814 188.228 -9.3544
-154.304 191.835 -9.50129
-152.074 195.322 -9.65367
-149.976 198.778 -9.80139
-147.74 202.631 -9.98931
-145.593 206.301 -10.1554
-143.391 209.906 -10.3252
-141.081 213.333 -10.5001
-138.125 216.316 -10.6746
-134.13 217.167 -10.5986
-130.474 215.518 -10.2801
-126.885 213.039 -9.96487
-123.448 210.727 -9.67575
-120.086 208.524 -9.38666
-116.731 206.36 -9.17991
-113.345 204.173 -8.98152
-109.951 201.984 -8.77995
-106.366 199.71 -8.37463
-102.781 197.418 -7.96299
-99.1216 195.084 -7.56953
-95.5212 192.812 -7.19311
-91.8594 190.53 -6.83155
-88.1885 188.248 -6.46908
-84.4193 185.943 -6.09994
-80.6741 183.659 -5.74729
-76.9022 181.373 -5.41833
-73.2033 179.119 -5.08452
-69.5452 176.875 -4.76365
-65.9883 174.683 -4.44877
-62.5665 172.578 -4.15364
-58.9318 170.329 -3.85783
-55.3438 168.091 -3.52072
-51.9257 165.793 -3.39304
-48.2673 164.05 -3.37151
-44.0557 164.636 -3.42228
-40.6912 166.957 -3.5242
-38.1359 170.461 -3.62461
-37.0698 174.343 -3.78925
-37.5705 178.664 -3.96299
-39.9376 182.308 -4.06863
-43.1008 185.033 -4.13312
-46.8354 187.54 -4.04803
-50.2384 189.737 -3.98066
-53.7737 191.959 -3.87825
-57.4203 194.237 -3.77698
-61.1271 196.546 -3.70674
-64.7337 198.765 -3.66082
-68.4913 201.061 -3.63063
-71.8849 203.129 -3.57264
-75.5319 205.353 -3.52706
-79.3279 207.632 -3.51999
-83.0461 209.867 -3.4991
-86.7462 212.223 -3.46949
-90.2894 214.529 -3.42569
-93.8194 216.844 -3.38041
-97.5592 218.977 -3.65435
-101.601 219.987 -3.86801
-105.975 219.309 -3.92595
-109.352 216.832 -3.90026
-111.5 213.212 -3.77159
-112.062 209.046 -3.5777
-110.89 204.976 -3.33709
-108.363 201.627 -3.06223
-105.139 198.961 -2.79038
-101.675 196.754 -2.37112
-98.1283 194.709 -1.97724
-94.6329 192.589 -1.58536
-90.8039 190.27 -1.15732
-87.1975 188.089 -0.750188
-83.3811 185.768 -0.388706
-79.9886 183.646 -0.024723
-76.5706 181.488 0.368202
-73.1488 179.33 0.737345
-69.7946 177.224 1.06571
-66.1287 174.962 1.4273
-62.4072 172.718 1.81821
-58.8687 170.617 2.21306
-55.4568 168.431 2.6057
-52.5781 165.472 2.8241
-51.0862 161.458 3.02145
-51.2824 157.454 3.23597
-53.1032 153.631 3.35452
-56.199 151.069 3.38867
-60.2106 150.333 3.36305
-64.2986 151.46 3.31717
-68.058 153.323 3.10317
-71.9275 155.522 2.86262
-75.4076 157.565 2.70589
-78.9504 159.677 2.58157
-82.5106 161.831 2.43244
-86.1065 164.009 2.26643
-89.6493 166.131 2.11716
-93.108 168.215 1.9256
-96.9097 170.501 1.6709
-100.614 172.75 1.41655
-104.181 174.942 1.22426
-107.728 177.14 1.11865
-111.375 179.501 0.9561
-114.779 182 0.818571
-117.744 184.862 0.564589
-119.862 188.281 0.301786
-120.63 192.578 0.0645817
-119.815 196.532 -0.0916428
-118.032 200.477 -0.277705
-115.817 204.31 -0.453967
-113.695 207.735 -0.611604
-111.463 211.159 -0.750786
-109.249 214.452 -0.869562
-106.767 218 -1.02143
-104.234 221.601 -1.15169
-101.727 225.184 -1.27965
-99.2274 228.435 -1.37717
-96.0506 231.082 -1.46015
-92.1476 232.601 -1.49945
-87.7183 232.45 -1.38944
-83.9099 231.015 -1.1825
-80.1348 228.781 -1.0534
-76.8119 226.547 -0.915687
-73.3358 224.197 -0.759919
-69.8925 221.882 -0.557483
-66.4582 219.618 -0.318434
-63.0756 217.429 -0.120699
-59.6828 215.253 0.0740219
-56.3 213.11 0.268416
-52.8561 210.956 0.422782
-49.3671 208.811 0.546366
-45.8519 206.677 0.67892
-42.4066 204.589 0.844008
-38.7654 202.2 1.05466
-35.5709 199.515 1.27386
-32.8439 196.239 1.442
-31.1115 192.576 1.64577
-30.429 188.562 1.88996
-30.7758 184.478 2.08768
-31.955 180.422 2.24112
-33.6288 176.621 2.39765
-36.0439 173.119 2.54209
-39.2189 170.532 2.6479
-43.0219 169.091 2.69135
-47.1138 168.931 2.69314
-51.0669 169.786 2.67063
-55.1016 171.481 2.44855
-58.8055 173.478 2.05086
-62.2736 175.436 1.71605
-66.1204 177.636 1.32528
-69.673 179.679 0.963949
-73.1877 181.706 0.629696
-76.6735 183.736 0.299466
-80.3718 185.887 -0.112929
-83.8569 187.959 -0.496958
-87.5162 190.167 -0.875259
-90.9432 192.253 -1.24558
-94.4263 194.381 -1.64055
-98.0365 196.617 -2.06686
-101.721 198.869 -2.48928
-105.255 201.349 -2.88883
-108.049 204.587 -3.20191
-109.309 208.655 -3.46812
-108.827 212.761 -3.65785
-107.082 216.695 -3.82424
-104.942 220.201 -3.94031
-102.75 223.654 -4.04358
-100.463 227.319 -4.14883
-98.1226 230.56 -4.24229
-94.779 233.006 -4.34844
-90.7491 233.682 -4.30808
-86.7838 232.817 -4.14749
-83.1301 231.152 -3.96214
-79.4526 228.971 -3.82802
-76.0387 226.869 -3.70591
-72.4729 224.688 -3.58057
-68.9256 222.515 -3.3985
-65.371 220.316 -3.14834
-61.7807 218.077 -2.95397
-58.2585 215.855 -2.77671
-54.807 213.663 -2.62642
-51.2034 211.358 -2.46024
-47.8442 209.205 -2.35035
-44.1675 206.841 -2.2343
-40.7472 204.627 -2.08474
-37.1125 202.276 -1.88914
-33.6459 199.642 -1.67933
-31.1002 196.469 -1.57761
-29.7188 192.628 -1.38724
-29.6906 188.609 -1.16064
-31.0605 184.713 -0.990694
-33.162 181.07 -0.865428
-35.2617 177.644 -0.739684
-37.3784 174.159 -0.612326
-39.4543 170.682 -0.459284
-41.548 167.122 -0.328576
-43.7609 163.311 -0.166926
-45.8909 159.623 -0.0109435
-48.2716 156.013 0.163608
-51.3474 153.032 0.24644
-55.2933 151.399 0.223253
-59.2873 151.328 0.187926
-63.3295 152.537 0.153858
-67.0268 154.34 -0.0308936
-70.9 156.529 -0.256795
-74.2728 158.615 -0.424298
-77.7296 160.809 -0.52073
-81.0838 162.969 -0.642748
-84.8207 165.356 -0.803352
-88.3008 167.565 -0.957736
-91.7372 169.758 -1.1369
-95.5124 172.141 -1.39457
-98.9313 174.293 -1.61252
-102.589 176.592 -1.81067
-106.21 178.829 -1.94437
-109.759 181.003 -2.10439
-113.376 183.345 -2.2495
-116.703 186.124 -2.49892
-119.024 189.643 -2.76837
-119.791 193.827 -2.97787
-118.822 198.13 -3.10819
-116.886 201.939 -3.29213
-114.438 205.609 -3.43666
-112.157 208.892 -3.5588
-109.922 212.194 -3.66356
-107.651 215.578 -3.76608
-105.193 219.194 -3.89397
-102.766 222.743 -4.00435
-100.369 226.25 -4.10004
-98.0086 229.777 -4.18913
-95.6781 233.389 -4.38953
-93.4054 237.057 -4.58617
-91.2296 240.73 -4.77781
-88.8838 244.364 -4.94515
-85.7755 247.368 -5.07662
-81.9049 248.96 -5.10461
-77.5777 248.793 -4.96958
-73.7397 247.374 -4.76332
-69.8445 245.308 -4.6329
-66.3321 243.293 -4.51329
-62.7551 241.154 -4.35534
-59.1411 238.958 -4.1673
-55.5508 236.768 -3.97388
-51.9721 234.57 -3.77952
-48.5295 232.452 -3.623
-44.6597 230.083 -3.43921
-40.8872 227.766 -3.27292
-37.1717 225.509 -3.14887
-33.5305 223.299 -3.03637
-29.9985 221.19 -2.90472
-26.319 218.929 -2.73342
-23.0142 216.283 -2.54195
-20.6412 212.849 -2.42853
-19.6068 208.584 -2.2282
-20.1162 204.582 -2.01105
-21.6914 200.82 -1.8195
-23.758 197.199 -1.6397
-25.9914 193.618 -1.45617
-28.2241 190.15 -1.26504
-30.4762 186.724 -1.05719
-32.707 183.259 -0.952446
-34.9602 179.726 -0.825044
-37.2322 176.143 -0.687121
-39.4918 172.551 -0.544737
-41.7991 168.887 -0.406461
-44.0534 165.301 -0.266048
-46.2749 161.734 -0.121182
-48.4387 158.235 0.0373649
-50.5383 154.842 0.209514
-52.6898 151.31 0.263122
-54.7977 147.778 0.342211
-56.8944 144.197 0.436531
-58.9802 140.67 0.53563
-61.4189 137.141 0.645553
-64.6667 134.415 0.683378
-68.6223 133.259 0.666381
-72.903 133.805 0.606344
-76.6842 135.582 0.507517
-80.1878 137.961 0.324777
-83.6753 140.492 0.131109
-87.1794 143.013 -0.0283291
-90.4535 145.299 -0.168832
-94.0819 147.753 -0.305842
-97.8041 150.18 -0.468008
-101.621 152.594 -0.686884
-105.324 154.93 -0.911277
-109.121 157.288 -1.14781
-112.61 159.442 -1.34008
-116.176 161.612 -1.49784
-119.545 163.796 -1.68225
-123.091 166.399 -1.86087
-125.955 169.253 -2.03704
-128.019 172.988 -2.32883
-128.653 177.368 -2.57375
-127.811 181.623 -2.71653
-126.099 185.212 -2.83906
-124.092 188.707 -2.92043
-122.044 192.259 -2.99551
-120.042 195.76 -3.06874
-118.038 199.251 -3.16369
-115.883 203.065 -3.32914
-113.717 206.849 -3.48462
-111.498 210.413 -3.61105
-108.935 213.573 -3.69295
-105.423 216.09 -3.75104
-101.424 217.053 -3.68261
-97.4122 216.417 -3.49017
-93.4654 214.427 -3.33937
-90.0253 212.278 -3.36524
-86.4942 210.011 -3.39075
-82.7413 207.613 -3.44108
-79.3456 205.486 -3.46198
-75.7332 203.262 -3.44463
-72.0013 200.954 -3.48377
-68.3292 198.67 -3.52873
-64.9231 196.517 -3.58207
-61.161 194.175 -3.63382
-57.6208 191.975 -3.68668
-54.1703 189.864 -3.76848
-50.6012 187.725 -3.87867
-47.1335 185.614 -3.94823
-43.7739 183.209 -4.03519
-41.0831 179.975 -3.9524
-39.761 176.207 -3.85516
-39.8834 172.137 -3.68174
-41.2206 168.019 -3.55496
-43.056 164.35 -3.40573
-45.1234 160.507 -3.23871
-47.2169 157.112 -3.08994
-49.9332 154.008 -2.9419
-53.2586 151.87 -2.91463
-57.4019 150.867 -2.91563
-61.4758 151.288 -2.92587
-65.4251 152.738 -2.99488
-69.0097 154.649 -3.15398
-72.5381 156.793 -3.30356
-76.2012 159.112 -3.40798
-79.8441 161.441 -3.49512
-83.5362 163.815 -3.5896
-87.2254 166.155 -3.69752
-90.6111 168.286 -3.88278
-94.3322 170.597 -4.09495
-98.0724 172.881 -4.29064
-101.739 175.103 -4.47306
-105.514 177.383 -4.63505
-109.087 179.618 -4.78543
-112.566 181.938 -4.91267
-115.892 184.552 -5.05081
-118.423 187.72 -5.32392
-119.723 191.834 -5.57615
-119.329 195.902 -5.71977
-117.652 199.739 -5.87225
-115.535 203.165 -6.00203
-113.251 206.621 -6.13712
-110.918 210.173 -6.26862
-108.673 213.613 -6.39033
-106.506 216.991 -6.50648
-104.373 220.344 -6.61956
-102.227 223.791 -6.73021
-100.056 227.161 -6.84012
-97.473 230.218 -6.93383
-93.8729 232.537 -7.02287
-89.9671 233.313 -6.9947
-85.9767 232.608 -6.8499
-82.1259 230.813 -6.70812
-78.6253 228.678 -6.57576
-75.033 226.389 -6.43466
-71.3414 224.029 -6.30565
-67.7327 221.697 -6.12707
-64.2133 219.423 -5.92134
-60.7816 217.219 -5.72528
-57.2276 214.932 -5.5622
-53.6586 212.657 -5.44752
-49.9829 210.365 -5.33459
-46.2318 208.041 -5.24175
-42.5143 205.779 -5.13994
-38.9902 203.622 -4.9969
-35.3623 201.182 -4.85511
-32.4118 198.318 -4.71654
-30.5356 194.805 -4.61662
-29.8829 190.51 -4.42572
-30.6765 186.546 -4.21569
-32.4653 182.58 -4.09416
-34.463 178.986 -3.96368
-36.4507 175.543 -3.83493
-38.4962 172.067 -3.69492
-40.5639 168.575 -3.58051
-42.6038 165.143 -3.44296
-44.6561 161.74 -3.30015
-46.887 158.067 -3.13824
-49.1232 154.409 -2.96702
-51.2115 151.009 -2.88849
-53.502 147.277 -2.80912
-55.8517 143.557 -2.72055
-58.4038 140.079 -2.62638
-61.4911 137.21 -2.55284
-65.358 135.394 -2.54189
-69.5641 135.007 -2.53939
-73.7848 136.101 -2.53824
-77.3577 137.984 -2.69672
-80.951 140.279 -2.86724
-84.6313 142.723 -3.01102
-88.168 145.143 -3.0911
-91.617 147.554 -3.19623
-95.0037 149.903 -3.33155
-98.4794 152.216 -3.48701
-102.127 154.507 -3.66507
-105.796 156.705 -3.8562
-109.528 158.781 -4.06891
-113.179 160.746 -4.22021
-117.036 162.783 -4.36087
-120.648 164.809 -4.48665
-123.941 167.177 -4.62736
-126.693 170.249 -4.86633
-128.414 174.164 -5.12911
-128.689 178.397 -5.30393
-127.567 182.485 -5.44284
-125.49 186.302 -5.53885
-123.354 189.689 -5.61535
-121.178 193.11 -5.67846
-118.966 196.615 -5.73973
-116.776 200.08 -5.87697
-114.565 203.598 -6.00563
-112.358 207.094 -6.1444
-110.187 210.57 -6.27783
-108.033 214.027 -6.39779
-105.754 217.71 -6.52513
-103.55 221.336 -6.64838
-101.34 224.98 -6.77382
-99.1912 228.563 -6.89075
-96.9899 232.218 -7.06464
-94.7437 235.961 -7.25589
-92.4946 239.654 -7.43674
-89.9856 243.23 -7.60622
-86.9892 246.238 -7.71982
-83.1786 248.312 -7.79577
-78.9108 248.94 -7.74445
-74.6323 247.997 -7.54384
-71.0794 246.178 -7.44319
-67.4767 243.915 -7.32987
-63.7605 241.521 -7.17313
-60.1166 239.171 -7.03077
-56.3421 236.783 -6.83314
-52.6694 234.495 -6.65801
-48.9913 232.243 -6.49113
-45.243 230.004 -6.32743
-41.5153 227.821 -6.20389
-37.8382 225.754 -6.10503
-34.2742 223.822 -6.03369
-30.4296 221.72 -5.90327
-26.9101 219.494 -5.77493
-23.6953 216.861 -5.60333
-21.1712 213.541 -5.50403
-19.8375 209.675 -5.36591
-19.7957 205.521 -5.16019
-21.0578 201.37 -4.96137
-23.132 197.496 -4.77546
-25.2109 194.059 -4.62129
-27.2587 190.586 -4.43967
-29.4404 186.786 -4.23966
-31.4186 183.286 -4.11444
-33.5058 179.423 -3.97949
-35.5378 175.597 -3.83694
-37.648 172.23 -3.7043
-40.5222 169.17 -3.58891
-44.3683 167.289 -3.50964
-48.3259 167.112 -3.46416
-52.1514 168.34 -3.46953
-55.818 170.401 -3.7124
-59.2027 172.472 -3.98535
-62.6156 174.594 -4.24605
-66.2608 176.877 -4.56847
-69.6778 179.017 -4.87054
-73.1107 181.168 -5.16466
-76.7624 183.439 -5.49936
-80.2955 185.636 -5.81773
-84.0397 187.949 -6.17045
-87.6111 190.17 -6.52114
-90.9999 192.254 -6.85107
-94.5992 194.443 -7.2042
-98.0274 196.526 -7.55246
-101.567 198.728 -7.93511
-104.757 201.144 -8.33299
-107.527 204.403 -8.77077
-108.705 208.513 -9.11225
-108.148 212.589 -9.36512
-106.307 216.323 -9.51697
-103.981 219.82 -9.60597
-101.703 223.228 -9.69655
-99.5572 226.678 -9.80316
-97.3295 230.303 -9.96539
-95.1426 233.861 -10.1719
-92.9536 237.473 -10.408
-90.8761 241.073 -10.6336
-88.5844 244.756 -10.8613
-85.7603 247.807 -11.0112
-82.0323 249.641 -11.0461
-77.7362 249.705 -10.9378
-73.9385 248.387 -10.706
-70.0363 246.285 -10.6
-66.4569 244.069 -10.4257
-62.7425 241.768 -10.2322
-59.3293 239.659 -10.0396
-55.8541 237.51 -9.8536
-52.0238 235.179 -9.66167
-48.4081 232.915 -9.44609
-44.7685 230.508 -9.25556
-41.1744 228.015 -9.13887
-37.7418 225.622 -9.01263
-34.4513 223.372 -8.88709
-30.9278 221.025 -8.73837
-27.2999 218.694 -8.59196
-23.9583 216.3 -8.35206
-20.9123 213.325 -8.28155
-18.8042 209.648 -8.15863
-18.5179 205.668 -7.98558
-19.9399 201.755 -7.8315
-22.0909 198.273 -7.61131
-24.5303 194.716 -7.42737
-26.8112 191.44 -7.23002
-29.0933 188.012 -7.03767
-31.3664 184.421 -6.90463
-33.6992 180.774 -6.80097
-35.9673 177.306 -6.70124
-38.3351 173.61 -6.59259
-40.5593 170.13 -6.47938
-42.7046 166.756 -6.31617
-44.9339 163.206 -6.15015
-47.0596 159.772 -5.98066
-49.2839 156.124 -5.80742
-51.371 152.674 -5.73017
-53.439 149.221 -5.67533
-55.5672 145.659 -5.60462
-57.7968 141.994 -5.53137
-60.4736 138.58 -5.45442
-63.8585 136.119 -5.35455
-67.9025 134.966 -5.30871
-71.8829 135.265 -5.31401
-75.7743 136.808 -5.42957
-79.2207 138.846 -5.6079
-82.7161 141.084 -5.74583
-86.2237 143.377 -5.88003
-89.7233 145.648 -5.99697
-93.2499 147.918 -6.10879
-96.7171 150.146 -6.20503
-100.205 152.382 -6.40205
-103.781 154.683 -6.62616
-107.428 156.988 -6.80496
-111.064 159.259 -6.96866
-114.607 161.41 -7.11504
-118.312 163.566 -7.2693
-121.826 165.655 -7.39176
-125.275 168.134 -7.49798
-127.913 171.492 -7.79216
-129.1 175.386 -8.02584
-128.738 179.562 -8.25549
-127.076 183.33 -8.3856
-124.898 186.949 -8.44169
-122.618 190.522 -8.51209
-120.438 194.009 -8.58011
-118.242 197.527 -8.68128
-115.978 201.197 -8.86325
-113.72 204.916 -9.04247
-111.468 208.619 -9.20679
-109.38 212.045 -9.36947
-107.057 215.846 -9.51106
-104.945 219.411 -9.61806
-102.79 223.144 -9.71999
-100.707 226.603 -9.84134
-98.1631 230.051 -9.9629
-94.9501 232.66 -10.0857
-91.0839 233.659 -10.1037
-86.7842 233.002 -9.96626
-83.023 231.497 -9.80565
-79.388 229.651 -9.68585
-75.6847 227.611 -9.55789
-72.2403 225.614 -9.40594
-68.7653 223.562 -9.25498
-65.265 221.422 -9.09305
-61.8316 219.303 -8.896
-58.3839 217.209 -8.68905
-54.9124 215.096 -8.5116
-51.1526 212.817 -8.39282
-47.4748 210.592 -8.28204
-43.9955 208.429 -8.16784
-40.5157 206.213 -8.04201
-37.188 203.948 -7.85992
-33.8219 201.426 -7.63276
-30.8597 198.681 -7.54835
-28.6935 195.283 -7.42391
-28.1378 191.153 -7.20668
-29.3567 187.353 -6.99831
-31.3423 183.803 -6.88327
-33.4377 180.374 -6.78764
-35.6692 176.905 -6.68051
-37.9711 173.353 -6.57924
-40.168 170.013 -6.4759
-42.3808 166.593 -6.31415
-44.7065 162.869 -6.13597
-46.7701 159.424 -5.96707
-49.0467 155.989 -5.80325
-51.9927 153.214 -5.74959
-55.8584 151.644 -5.74612
-59.9936 151.561 -5.76582
-64.2064 152.82 -5.80394
-68.052 154.777 -6.00609
-71.6424 156.93 -6.1534
-75.4418 159.261 -6.27115
-79.2264 161.598 -6.39573
-82.9588 163.908 -6.50452
-86.7415 166.244 -6.61682
-90.4078 168.54 -6.8467
-93.781 170.63 -7.06585
-97.2077 172.73 -7.23563
-101.025 175.049 -7.41418
-104.689 177.265 -7.56655
-108.165 179.359 -7.70355
-111.928 181.552 -7.83358
-115.405 184.005 -7.96058
-117.986 187.105 -8.2228
-119.081 191.065 -8.42213
-118.353 195.24 -8.56585
-116.682 198.984 -8.72973
-115.493 203.166 -8.96104
-116.524 207.318 -9.20853
-119.332 210.341 -9.47434
-122.606 212.661 -9.77074
-125.956 214.879 -10.0559
-129.447 217.02 -10.3745
-133.39 218.38 -10.682
-137.729 218.16 -10.8095
-141.972 216.37 -10.7705
-145.35 213.679 -10.6828
-148.119 210.541 -10.5729
-150.808 206.86 -10.4113
-153.56 202.698 -10.207
-155.806 199.266 -10.0575
-158.175 195.678 -9.89555
-160.65 191.896 -9.74323
-163.198 187.99 -9.58599
-165.972 183.701 -9.43502
-168.696 179.472 -9.26646
-171.471 175.113 -9.11553
-174.312 170.662 -8.95366
-177.014 166.391 -8.82087
-179.688 162.158 -8.69491
-182.4 157.849 -8.58075
-184.938 153.816 -8.45013
-187.404 149.834 -8.33509
-189.8 145.841 -8.218
-192.095 141.892 -8.11215
-194.329 137.908 -7.99125
-196.365 133.99 -7.90797
-198.417 129.827 -7.76779
-200.172 125.965 -7.6279
-201.888 121.843 -7.55805
-203.438 117.756 -7.44343
-204.914 113.5 -7.30876
-206.231 109.262 -7.17224
-207.401 105.04 -7.00838
-208.439 100.879 -6.87408
-209.369 96.6988 -6.71544
-210.147 92.5914 -6.57519
-210.83 88.4297 -6.43093
-211.408 84.211 -6.27952
-211.862 80.1082 -6.12058
-212.197 76.0268 -5.9631
-212.411 72.0305 -5.82326
-212.507 67.9977 -5.67882
-212.429 63.0348 -5.47804
-212.151 58.0015 -5.2643
-211.739 53.3241 -5.03905
-211.218 48.6777 -4.82415
-210.61 44.2356 -4.63138
-209.885 39.9407 -4.42872
-208.893 35.3281 -4.29058
-207.832 30.9924 -4.04043
-206.724 27.0083 -3.86667
-205.401 22.7983 -3.67052
-204.115 18.9267 -3.50995
-202.727 15.0784 -3.36468
-201.124 11.038 -3.14858
-198.968 7.39582 -2.92768
-195.923 4.34362 -2.69477
-192.355 2.23822 -2.50254
-188.089 1.03976 -2.26886
-183.944 0.930377 -2.16443
-179.602 1.75525 -2.08586
-175.225 3.36685 -2.11221
-171.314 4.99747 -2.08496
-167.432 6.64902 -2.0294
-163.49 8.31346 -1.99159
-159.43 10.0377 -1.93411
-155.252 11.8246 -1.87068
-151.552 13.4432 -1.8239
-147.492 15.2607 -1.7958
-143.04 17.2891 -1.75868
-138.534 19.3554 -1.70538
-134.851 21.0126 -1.67765
-130.292 23.0742 -1.64284
-125.751 25.1196 -1.61936
-121.072 27.2138 -1.58445
-116.571 29.2048 -1.55541
-112.036 31.1956 -1.51395
-107.545 33.1715 -1.48442
-103.018 35.1078 -1.43491
-98.5433 36.9803 -1.36088
-94.2097 38.709 -1.25701
-89.678 40.4519 -1.16608
-85.4698 42.0376 -1.07691
-81.044 43.5938 -0.994955
-76.8325 44.9854 -0.893352
-72.688 46.2348 -0.79153
-68.4658 47.3997 -0.703062
-64.2614 48.421 -0.632767
-60.0425 49.3042 -0.545044
-55.8257 50.053 -0.457086
-51.5176 50.6553 -0.368531
-47.1927 51.1162 -0.287497
-42.8808 51.4146 -0.213943
-38.5075 51.5263 -0.136159
-34.1703 51.4855 -0.0549886
-29.7827 51.3158 0.0184826
-25.3351 51.0329 0.0823719
-20.9419 50.6468 0.128235
-16.5473 50.1897 0.135633
-12.0644 49.6358 0.117296
-7.72414 49.0155 0.124959
-3.29445 48.2422 0.100255
1.04661 47.3628 0.0652119
5.38234 46.3431 0.0346052
9.79952 45.116 -0.0184515
13.8108 43.7694 -0.0719953
17.8442 42.1688 -0.129005
21.7652 40.4406 -0.186996
25.708 38.6076 -0.245199
29.5024 36.7981 -0.328387
33.2643 35.0076 -0.391791
37.482 32.9041 -0.494226
41.2162 30.998 -0.591554
44.7707 29.1052 -0.691896
48.2622 26.6405 -0.81481
50.6911 23.062 -0.96359
51.0789 18.6264 -0.89086
50.2278 14.6952 -0.839643
48.7999 10.8286 -0.780542
46.775 7.38687 -0.704356
43.8277 4.48669 -0.637234
39.9251 2.56309 -0.518142
35.6556 1.62514 -0.387741
31.3329 1.09395 -0.294796
27.1161 0.648917 -0.183606
23.0585 0.240132 -0.103268
18.9938 -0.255095 -0.0813361
14.8578 -0.583722 -0.0335878
10.965 0.461184 -0.073887
8.06662 3.59501 -0.050785
6.76548 7.36791 -0.0766928
6.38622 11.4541 -0.111286
6.51241 15.6573 -0.0996021
6.67709 19.8963 -0.132587
7.00964 24.1058 -0.177997
