-5.98546e-10 9.26288e-10 -9.35167e-12

-5.38697e-05 2.31665e-06 -0.000642375

-0.000107791 4.66602e-06 -0.00118075

0.0108333 -0.000964936 -0.00356313

0.640785 -0.0111863 -0.00744574

0.695738 -0.0117013 -0.0987285

0.699919 -0.0153578 -0.896003

0.693577 0.00438196 -1.51154

0.6989 0.0269296 -2.12508

0.715761 0.0413672 -2.76315

0.728589 0.043458 2.9055

0.732735 0.0408233 2.23122

0.732716 0.041916 1.58175

0.738302 0.0595012 0.922248

0.759211 0.0741833 0.314007

0.768076 0.0747868 -0.210923

1.06193 0.0145901 -0.229616

1.66301 -0.132669 -0.260845

2.28629 -0.296026 -0.271023

2.91351 -0.493789 -0.3196

3.60874 -0.731588 -0.311505

4.30295 -0.918711 -0.196078

4.99252 -1.08885 -0.174583

5.66493 -1.14347 -0.0610409

6.34109 -1.22344 -0.111677

7.01765 -1.29506 -0.102078

7.53349 -1.37349 -0.141535

8.05277 -1.44314 -0.124123

8.54231 -1.51795 -0.126506

8.82499 -1.5542 -0.0932083

8.75965 -1.5393 -0.619742

8.90848 -1.72407 -0.884003

9.33664 -2.28429 -0.899284

9.83738 -2.95837 -0.87373

10.3286 -3.58162 -0.873605

10.8083 -4.18877 -0.857794

11.2806 -4.79903 -0.880851

11.6171 -5.2151 -0.885901

11.7382 -5.36215 -1.22909

11.8896 -5.90236 -1.41676

12.1131 -7.02795 -1.40987

12.3313 -8.18123 -1.44981

12.5166 -9.32059 -1.47799

12.664 -10.5227 -1.52135

12.7832 -11.744 -1.55905

12.7737 -12.4873 -1.61885

12.7344 -13.2421 -1.64134

12.6806 -14.001 -1.68533

12.597 -14.7728 -1.69317

12.5087 -15.5418 -1.74448

12.3677 -16.2942 -1.78861

12.2381 -16.9671 -1.81886

12.0604 -17.62 -1.89693

11.881 -18.2461 -1.88582

11.6897 -18.823 -1.94932

11.686 -18.8646 -1.94533

11.6666 -18.9385 -1.93607

11.4277 -19.6179 -1.94884

11.186 -20.2846 -1.90416

10.9632 -20.954 -1.92928

10.7391 -21.6194 -1.90948

10.5073 -22.2844 -1.96196

10.2743 -22.9714 -1.91734

10.0421 -23.6634 -1.94965

9.8291 -24.3663 -1.88461

9.61752 -25.0669 -1.93604

9.38495 -25.7856 -1.94572

9.13934 -26.4961 -1.94757

8.95168 -27.0083 -1.96299

8.93318 -27.0757 -2.11748

8.89987 -27.145 -2.79093

8.83522 -27.1529 2.8505

8.77435 -27.147 2.84141

8.71549 -27.1344 2.77691

8.68478 -27.1145 2.15601

8.6383 -27.0977 1.80434

8.61983 -27.0749 2.49916

8.56566 -27.0518 2.73267

8.19614 -27.0311 3.0703

7.4851 -27.0013 3.06517

6.76902 -26.9242 2.99059

6.06667 -26.8196 2.96435

5.20622 -26.7358 2.9192

4.37483 -26.6441 2.90041

3.64439 -26.5168 2.82393

2.97051 -26.3724 2.82892

2.22454 -26.2106 2.73284

1.73602 -26.0371 2.67529

1.11839 -25.7677 2.64034

1.0983 -25.7638 3.02714

0.50294 -25.6374 2.99356

-0.10836 -25.5 3.04268

-0.699967 -25.3665 2.92992

-1.41891 -25.1305 2.83469

-2.17359 -24.8532 2.79946

-2.92817 -24.6958 2.9414

-3.69398 -24.5814 2.96387

-4.42848 -24.4523 2.89028

-5.13179 -24.2775 2.82823

-5.94819 -24.0674 2.86971

-6.61494 -23.8803 2.81131

-7.37122 -23.7435 2.90593

-8.08669 -23.548 2.80662

-8.79812 -23.3185 2.9096

-9.50813 -23.1385 2.88192

-10.216 -22.9765 2.93535

-10.9126 -22.8142 2.88762

-11.6264 -22.6259 2.89064

-12.1391 -22.5316 2.95085

-12.2528 -22.5114 2.49978

-12.347 -22.4262 1.90538

-12.341 -22.2462 1.39674

-12.2408 -21.5121 1.44966

-12.1903 -20.7821 1.49507

-12.1571 -20.0584 1.53014

-12.1699 -19.247 1.5873

-12.211 -18.3266 1.62927

-12.2935 -17.5616 1.7233

-12.3313 -17.4108 1.38617

-12.1939 -16.6863 1.332

-12.0415 -15.8266 1.42186

-11.9738 -15.0144 1.48977

-11.9966 -13.9393 1.54215

-12.0834 -13.2367 1.52528

-11.897 -12.7912 1.0913

-11.5469 -12.013 1.07352

-11.2826 -11.1072 1.26738

-11.0414 -10.1969 1.26698

-10.8307 -9.27311 1.30427

-10.6054 -8.35761 1.27209

-10.406 -7.43635 1.32482

-10.2366 -6.5121 1.41289

-10.1068 -5.58649 1.36246

-9.94192 -4.76072 1.32553

-9.76301 -3.90753 1.30679

-9.54691 -3.08734 1.27953

-9.33343 -2.20389 1.29751

-9.08877 -1.33254 1.25288

-8.86815 -0.450974 1.32881

-8.74452 0.0724028 1.40284

-8.65999 0.621859 1.4418

-8.5647 1.15574 1.40239

-8.4687 1.69957 1.40709

-8.30879 2.23456 1.30734

-8.2343 2.50956 1.33411

-8.25212 2.46468 0.855763

-8.27103 2.39519 0.285208

-8.11503 2.37229 -0.18153

-7.58271 2.26148 -0.207402

-6.84257 2.1074 -0.17247

-6.10897 1.99429 -0.148431

-5.37003 1.90734 -0.0511321

-4.67397 2.00859 -0.104771

-3.98694 2.11825 -0.0153603

-3.26811 2.23184 -0.100063

-2.63473 2.3359 -0.0905439

-1.92348 2.43539 -0.0938135

-1.33278 2.4925 -0.205746

-0.85971 2.39457 -0.177777

-0.394906 2.18582 0.811392

-0.836677 1.61655 1.84914

-1.14203 0.753451 2.827

-1.37319 0.661826 -2.41795

-1.41011 -0.344545 -1.41853

-1.50177 -0.250247 -0.452054

-0.999014 -0.284306 -0.0313931

0.0471017 -0.286664 -0.0247295

0.598183 -0.316748 -0.0621103

1.121 -0.350853 -0.057155

1.66024 -0.410144 -0.100727

2.18947 -0.47029 -0.127086

2.70873 -0.562533 -0.170579

3.29028 -0.668434 -0.160697

3.95815 -0.835328 -0.176998

4.61078 -0.988588 -0.127003

5.21826 -1.1046 -0.139548

5.85453 -1.24897 -0.115228

6.47919 -1.36257 -0.125079

7.16223 -1.51956 -0.142972

7.23722 -1.52864 -0.0874511

7.00981 -1.47936 -0.52528

7.53646 -1.83308 -0.572057

8.104 -2.29922 -0.73637

8.70045 -2.96212 -0.78299

9.29289 -3.75158 -0.971596

9.81917 -4.66919 -1.09979

10.249 -5.73586 -1.19783

10.6311 -6.811 -1.24758

11.0011 -7.91547 -1.27725

11.3443 -9.04242 -1.32724

11.4818 -9.79909 -1.36809

11.6039 -10.5707 -1.40091

11.7061 -11.3607 -1.43488

11.7872 -12.1279 -1.49339

11.837 -12.963 -1.51974

11.8655 -13.8226 -1.54487

11.8684 -14.5578 -1.58911

11.838 -15.3073 -1.61859

11.7918 -16.0624 -1.67745

11.6806 -16.8397 -1.73813

11.5452 -17.6234 -1.75805

11.3787 -18.4174 -1.81126

11.1849 -19.1155 -1.797

10.8636 -20.0616 -1.84978

10.6609 -20.8928 -1.94271

10.4063 -21.6629 -1.94603

10.1722 -22.4332 -1.9394

9.93513 -23.2272 -1.92009

9.68586 -24.0538 -1.92781

9.45113 -24.8971 -1.88932

9.24513 -25.3837 -1.90629

9.04735 -25.8677 -1.91103

8.81985 -26.3541 -1.97067

8.56889 -26.8509 -1.99681

8.3115 -27.3383 -2.00485

8.17244 -27.5843 -2.04457

8.18224 -27.5632 -2.5519

7.93537 -27.5998 -3.10326

7.62741 -27.4925 3.11985

6.75708 -27.3529 2.94684

5.8446 -27.2042 2.90389

4.97007 -26.9943 2.94415

4.13643 -26.8129 2.91149

3.3187 -26.6435 3.00272

2.54864 -26.5087 2.97514

1.76645 -26.3647 3.02575

0.982872 -26.2206 2.98036

0.324322 -26.2375 -3.13482

-0.0673198 -26.1799 2.79751

-0.341603 -26.112 2.92262

-0.498416 -26.0694 2.89465

-0.165613 -26.1106 2.96592

-0.523714 -25.9013 2.54152

-1.12272 -25.5421 2.64376

-1.74669 -25.217 2.59913

-2.05168 -25.048 2.59352

-2.50474 -25.0096 2.99858

-3.25706 -24.954 3.06795

-4.0099 -24.94 3.03404

-4.74912 -24.8641 2.96497

-5.41107 -24.656 2.74491

-6.03812 -24.4344 2.82825

-6.72311 -24.271 2.8659

-7.42928 -24.08 2.86469

-8.1514 -23.9366 2.93644

-8.86074 -23.7911 2.88348

-9.55538 -23.5998 2.81286

-10.2484 -23.4149 2.92112

-10.8368 -23.3153 2.95435

-10.8312 -23.3223 -3.13382

-10.859 -23.3222 2.56281

-11.2011 -22.8695 2.14142

-11.5616 -22.3308 2.1519

-11.935 -21.7642 2.14302

-12.2998 -21.1851 2.10413

-12.3517 -21.1092 2.1883

-12.3521 -21.004 1.70658

-12.3682 -20.4932 1.58668

-12.3995 -19.9031 1.65719

-12.5651 -18.933 1.69648

-12.7236 -18.008 1.68621

-12.6998 -17.6991 1.37147

-12.5459 -16.7953 1.37521

-12.4194 -15.9132 1.38473

-12.329 -15.0272 1.4761

-12.3028 -14.113 1.49047

-12.1602 -13.2801 1.35297

-11.9958 -12.2027 1.3248

-11.733 -11.3713 1.2138

-11.4836 -10.5225 1.24179

-11.2903 -9.61781 1.35156

-11.0643 -8.74612 1.23478

-10.845 -7.86665 1.29283

-10.7267 -6.94317 1.50267

-10.6904 -6.03404 1.5255

-10.5398 -5.13265 1.35279

-10.3943 -4.23113 1.46655

-10.3341 -3.37049 1.4407

-10.1261 -2.43895 1.35185

-9.93111 -1.8337 1.29262

-9.69934 -1.19953 1.29393

-9.43581 -0.53813 1.19595

-9.13191 0.151603 1.241

-8.87887 0.808045 1.24084

-8.59642 1.48669 1.27888

-8.43968 2.0148 1.31116

-8.29584 2.5187 1.37737

-8.30473 2.4575 1.28709

-8.30326 2.45942 0.70797

-8.17682 2.50841 0.143498

-7.52184 2.43796 -0.0638333

-6.68331 2.3661 -0.0376953

-6.08615 2.2928 -0.0989463

-5.44917 2.18154 -0.125642

-4.8065 2.0589 -0.125972

-4.12891 1.89553 -0.236676

-3.38281 1.63052 -0.27784

-2.62933 1.35558 -0.28309

-1.9045 1.08527 -0.290654

-1.2047 0.80683 -0.234241

-0.597434 0.647716 -0.193735

0.00799821 0.469175 -0.25175

0.39109 0.349949 -0.270125

0.463004 0.293149 -0.263504

1.0428 0.0960797 -0.249076

1.59447 -0.000528391 -0.0544893

2.28278 -0.035466 -0.0713126

2.98208 -0.110751 -0.106575

3.67017 -0.201333 -0.160521

4.36535 -0.287836 -0.0656367

5.05177 -0.338998 -0.0996567

5.39235 -0.380555 0.0779703

5.40989 -0.372146 1.07479

5.4095 -0.205988 1.57514

5.38781 0.367295 1.61719

5.35662 0.938898 1.61508

5.30401 1.51462 1.66594

5.23254 2.09289 1.67491

5.12676 2.67714 1.76767

5.04984 2.98553 1.83697

5.00501 2.8693 2.79867

4.81371 2.79814 -2.4521

4.74063 2.66516 -1.46285

4.69948 2.70906 -0.477306

4.56632 2.75823 0.177774

4.38272 2.74993 -0.35394

4.32085 2.7993 -0.953506

4.33011 2.74782 -1.58133

4.27665 2.03273 -1.62917

4.22342 1.38065 -1.69563

4.13026 0.73798 -1.72523

4.03017 0.0946929 -1.74977

3.89867 -0.546086 -1.77838

3.85791 -0.733257 -1.72427

3.77502 -0.762396 -0.708023

3.71305 -0.763367 0.250165

3.66065 -0.800864 1.16011

3.66036 -0.781489 2.10669

3.69907 -0.796434 3.09433

3.77614 -0.716755 -2.1409

3.76107 -0.69081 -1.12305

3.92565 -0.771862 -0.490654

4.57316 -1.07252 -0.389426

5.18579 -1.26241 -0.256646

5.80917 -1.43221 -0.265148

6.07081 -1.49945 -0.29106

6.07221 -1.50047 -0.934304

6.07746 -1.58593 -1.48939

6.12067 -2.18171 -1.50463

6.14533 -2.80693 -1.54341

6.16736 -3.60362 -1.5617

6.16487 -3.87659 -1.58934

6.16445 -3.87679 -1.87504

6.16251 -3.87924 -2.53612

6.16694 -3.87803 -3.1355

6.16453 -3.8784 2.43133

6.16 -3.87234 1.85996

6.16238 -3.8481 1.21116

6.17106 -3.83399 0.599783

6.17651 -3.8315 -0.0101726

6.17819 -3.83217 -0.18431

6.18829 -3.82918 0.740825

6.26292 -3.58004 1.27824

6.35283 -3.29213 1.27334

6.26084 -2.9561 1.892

6.1852 -2.66663 1.39839

6.29608 -2.52275 0.84806

6.72592 -2.04195 0.851691

7.128 -1.6071 0.804581

7.11849 -1.62496 0.553738

7.13762 -1.61899 -0.0321208

7.18279 -1.63403 -0.576562

7.68159 -1.98015 -0.603242

8.22484 -2.33748 -0.600167

8.77798 -2.73527 -0.659941

9.09727 -2.98752 -0.695849

9.0236 -2.95675 -0.0167766

8.98756 -3.00004 0.662748

9.42534 -2.6578 0.710169

9.81992 -2.29038 0.787605

10.187 -1.89067 0.898848

10.2811 -1.79081 1.0401

10.2554 -1.86658 2.06249

10.3759 -1.91552 3.06961

10.4675 -1.7924 -2.23006

10.5083 -1.68402 -1.17887

10.6759 -1.86666 -0.94637

11.248 -2.31289 -0.606428

12.1574 -2.90136 -0.61424

13.0471 -3.55141 -0.714117

13.5041 -3.85946 -0.27172

13.4103 -3.85143 0.0787097

13.4049 -3.85196 1.05504

13.5356 -4.50017 2.22752

13.7667 -4.53594 -3.12525

13.7583 -4.68258 -2.8151

13.498 -4.95683 -2.83031

13.3273 -5.04259 -2.85668

13.0459 -5.42869 -2.68119

12.7353 -6.0764 -2.40858

12.0395 -7.18434 -2.37661

11.492 -7.78722 -2.4718

10.8189 -8.23373 -2.74299

10.1184 -8.60918 -2.78005

9.44257 -8.92451 -2.86267

9.39327 -8.99829 -2.33606

9.43424 -9.08944 -1.36987

9.64617 -9.52984 -1.24567

9.96356 -10.2472 -1.28673

10.1306 -10.631 -1.3897

10.1813 -10.7229 -2.02495

10.1874 -10.8315 -2.62128

9.54221 -11.1512 -2.82863

8.79835 -11.4633 -2.91203

8.04625 -11.7603 -2.81262

7.30653 -12.1014 -2.80612

6.93829 -12.3127 -2.86201

6.5781 -12.3086 2.9952

6.04944 -12.2708 2.94898

6.02125 -12.3067 -2.90517

6.05118 -12.336 -2.69038

6.06067 -12.4348 -1.72625

6.05641 -12.5416 -0.491604

6.04781 -12.5494 -0.147645

6.03204 -12.5615 -0.148017

5.99119 -12.6333 -0.137049

5.97432 -12.6462 -0.146929

5.99441 -12.6588 -0.14454

6.7614 -12.7139 -0.150489

7.51034 -12.799 -0.191458

7.90254 -12.8614 -0.237572

7.86393 -12.8629 -0.185687

7.88877 -12.8643 -0.817792

7.96278 -12.8964 -1.49551

7.95897 -13.6248 -1.72385

7.95788 -14.475 -1.75221

7.89649 -15.3248 -1.76101

7.86811 -16.1846 -1.75303

7.76922 -16.6794 -1.7829

7.74949 -16.6164 -2.21759

7.79689 -16.5223 -2.85908

7.8883 -16.4757 2.80367

7.94063 -16.4841 2.17589

7.91381 -16.4429 1.61049

7.89801 -16.358 1.0205

7.93737 -16.2626 0.363983

7.98837 -16.1833 0.566339

8.00505 -16.0714 1.1994

8.19614 -15.2904 1.2173

8.36691 -14.4949 1.31931

8.49026 -13.7024 1.33374

8.55481 -13.1026 1.3772

8.53222 -13.0401 1.00055

8.53537 -12.9582 0.380231

8.90384 -12.9122 -0.0404913

9.56093 -12.9348 -0.0625499

10.2601 -12.9807 -0.12828

10.65 -13.0341 -0.216902

10.6912 -13.0394 -0.86483

10.7619 -13.1189 -1.47497

10.7601 -13.7199 -1.73311

10.6823 -14.5706 -1.82187

10.5806 -15.3002 -1.86263

10.5784 -15.4217 -1.02474

10.8858 -15.5236 -0.348083

11.5598 -15.7203 -0.34044

12.2043 -15.9356 -0.395751

12.8732 -16.1877 -0.438443

13.5858 -16.4685 -0.473282

14.2679 -16.8035 -0.555499

14.7944 -17.0733 -0.535996

14.821 -17.076 -0.734924

14.848 -17.1063 -1.36579

14.8494 -17.1134 -2.00458

14.8488 -17.0974 -2.63412

14.868 -17.0812 3.0763

14.8895 -17.0714 2.42621

14.899 -17.083 1.86768

14.8976 -17.0905 1.2417

14.8942 -17.0789 0.788267

14.8927 -17.0637 1.35128

14.8896 -17.0444 2.35492

14.9123 -17.042 2.69174

14.9375 -17.0396 2.68674

14.4836 -16.8314 2.72269

13.7746 -16.5925 2.72033

13.0668 -16.325 2.72955

12.3434 -16.0965 2.75726

11.6178 -15.8654 2.79254

11.0434 -15.7269 2.82195

10.9819 -15.76 -2.97823

10.9615 -15.8412 -2.04569

10.9451 -16.1713 -1.74416

10.8483 -16.9234 -1.80001

10.7194 -17.6848 -1.86157

10.6386 -18.628 -1.76161

10.5781 -19.545 -1.64854

10.5472 -20.4156 -1.73638

10.4595 -21.3542 -1.83751

10.3021 -22.3618 -1.85184

10.3187 -23.0991 -1.51453

10.4688 -23.9607 -1.58831

10.541 -24.9716 -1.67411

10.5948 -25.7031 -1.69208

10.6264 -25.9475 -0.832132

10.8326 -26.0418 -0.209404

11.4509 -26.2237 -0.361741

12.0818 -26.4916 -0.439347

12.7125 -26.8022 -0.451098

13.4027 -27.1068 -0.506346

13.8004 -27.303 -0.519243

13.9089 -27.4532 0.361438

13.9369 -27.6508 1.56859

14.0538 -27.7445 2.5301

13.9082 -27.7264 2.75786

13.1134 -27.5249 2.75918

12.3541 -27.3045 2.7746

11.5669 -27.1486 2.80162

10.7787 -26.9885 2.82411

10.0698 -26.8611 2.80601

9.79182 -26.8193 -3.08356

9.76302 -27.0288 -2.08848

9.7639 -27.7283 -1.82788

9.6444 -28.5593 -1.84057

9.50872 -29.3469 -1.88683

9.37204 -30.0988 -1.86604

9.21566 -30.8893 -1.92664

9.01432 -31.713 -1.96188

8.76291 -32.5465 -2.03697

8.52603 -33.4533 -2.06962

8.23597 -34.3742 -2.1032

7.90957 -35.2801 -2.18594

7.80887 -35.7204 -2.13785

7.8938 -35.8113 -1.14624

7.95938 -35.8119 -0.484942

7.99437 -35.8046 -0.487378

8.45695 -35.9137 -0.359017

9.23765 -36.1177 -0.418627

9.96696 -36.3458 -0.446881

10.7626 -36.628 -0.512423

11.5416 -36.9673 -0.605666

12.3176 -37.2732 -0.443229

13.132 -37.4706 -0.386967

13.3002 -37.5024 -0.416027

13.2936 -37.5135 0.2227

13.32 -37.597 1.292

13.4405 -37.7359 2.12136

13.418 -37.748 -3.13725

13.3841 -37.8228 -2.21174

13.4413 -37.9444 -1.40285

13.5198 -38.0346 -1.88124

13.5394 -38.1536 -2.50585

13.5102 -38.2137 -3.13658

13.3523 -38.1374 2.57066

12.6008 -37.7761 2.53529

11.8643 -37.4264 2.62379

11.0809 -37.152 2.75797

10.213 -36.9636 2.71718

9.3779 -36.7927 2.79857

9.32285 -36.8111 2.39223

9.25965 -36.8172 1.89199

9.18308 -36.805 2.39788

8.87067 -36.8343 3.04212

8.04829 -36.766 2.85063

7.18198 -36.6806 2.89959

6.58308 -36.7137 2.83567

7.35618 -36.3584 -2.67888

6.5144 -37.3033 -1.86031

6.48372 -38.0843 -1.7996

6.45926 -38.9173 -1.83979

6.38789 -39.7311 -1.8362

6.71365 -40.7329 -1.88879

6.58498 -41.1916 -2.13925

6.75839 -41.8789 -1.87082

7.26363 -41.9743 -0.947996

7.39593 -41.9214 0.0267194

7.15284 -41.971 1.05072

6.8884 -41.8707 2.01934

6.62775 -41.7341 1.65349

6.13965 -40.7287 1.66735

5.59299 -39.7546 1.74094

4.99615 -38.8164 1.78169

4.35771 -37.9023 1.82305

3.88178 -37.4158 1.90047

3.61093 -37.3486 2.7386

2.6143 -37.312 2.85557

1.63608 -37.3675 2.95256

0.653739 -37.5084 2.97816

-0.350893 -37.6306 2.98346

-1.42631 -38.0076 3.05794

-2.51495 -38.4427 3.12426

-3.57844 -38.976 3.11897

-4.66048 -39.5008 3.11162

-5.24589 -39.9009 -2.97364

-5.14744 -40.5342 -2.01996

-4.80069 -41.8023 -1.79389

-4.34972 -43.0121 -1.82052

-3.95023 -44.3447 -1.8628

-3.87275 -45.3736 -1.9049

-3.79988 -46.093 -1.9701

-3.73366 -46.1481 -1.16037

-4.03262 -46.3186 -0.137881

-4.09506 -46.7681 0.880386

-4.2116 -46.4154 1.65437

-4.45561 -45.5318 1.40868

-4.69711 -44.5322 1.49034

-5.02325 -43.5459 1.53115

-5.24454 -42.6301 1.44831

-5.45582 -42.0227 1.49085

-5.57956 -41.9605 1.824

-5.72692 -42.0603 2.75003

-6.78555 -42.0901 2.75142

-7.65882 -42.1109 2.75276

-7.73125 -42.2251 -3.0698

-7.73401 -42.2779 -2.0379

-7.69316 -42.9787 -1.73531

-7.62885 -43.891 -1.7873

-7.64489 -44.9252 -2.01048

-7.70475 -45.9844 -2.00372

-7.76039 -46.9899 -2.00766

-7.84715 -48.0164 -2.10597

-7.65157 -47.5908 -2.15991

-7.44301 -47.2889 -2.23781

-7.36545 -47.4724 -2.78082

-7.53304 -47.7431 2.85299

-7.78142 -47.9128 2.18753

-7.98802 -47.9367 1.56288

-7.89844 -47.4159 1.1461

-7.68532 -46.4993 1.04049

-7.48228 -45.5786 1.1061

-7.35318 -44.681 1.1846

-7.30035 -43.8978 1.19824

-7.24884 -43.9374 1.85668

-7.48946 -44.0651 2.9313

-8.56196 -43.9705 2.96632

-9.67386 -43.9504 2.85325

-10.8825 -44.0394 2.86329

-12.2335 -44.2398 2.80779

-13.1432 -44.4488 2.77497

-14.3805 -44.6311 2.85525

-15.6342 -44.8093 2.7908

-16.8698 -44.9887 2.78857

-18.1161 -45.1534 2.75287

-19.129 -45.3586 2.6665

-19.6348 -46.6633 -2.91177

-18.2874 -48.684 -2.02575

-18.0367 -49.8759 -1.73956

-17.5748 -50.9163 -1.45738

-16.9725 -51.7945 -1.29448

-16.4263 -52.6584 -1.63396

-16.1248 -53.8447 -1.89087

-15.8981 -54.1884 -1.08942

-16.1368 -54.4288 -0.0613398

-15.962 -54.8125 0.971892

-15.9896 -54.3766 1.4848

-16.1465 -53.5444 1.47836

-16.3035 -52.6374 1.46284

-16.7193 -51.7138 1.73241

-17.6818 -50.8081 1.72488

-18.4495 -50.0426 1.65283

-18.7997 -49.9805 2.25095

-19.2675 -50.2749 2.90294

-20.4316 -50.6985 2.9728

-21.5125 -51.2235 3.07511

-22.0632 -52.0103 -2.68589

-20.7296 -52.7594 -1.83039

-20.6123 -53.7344 -1.78715

-20.4911 -54.6353 -1.77802

-20.3684 -55.5766 -1.74889

-20.1938 -56.5631 -1.77207

-20.139 -57.5387 -1.83096

-20.1904 -57.9773 -1.77611

-20.4808 -56.9216 -1.86394

-20.6859 -56.3733 -1.99245

-20.8724 -56.0138 -2.63637

-20.7953 -55.5075 3.04224

-20.5008 -55.2639 2.423

-20.2823 -55.2152 1.81115

-20.4888 -54.7993 1.36936

-20.8085 -53.7998 1.43553

-21.1369 -53.1025 1.78779

-21.4284 -52.4086 1.75527

-21.837 -51.6958 1.7883

-22.0823 -51.327 1.92407

-22.2895 -51.4087 2.98647

-22.8823 -51.8187 -2.85955

-23.5668 -52.2334 -3.00697

-24.4946 -52.7499 -3.04357

-25.4504 -53.2306 -3.05591

-26.3357 -53.7142 -3.02789

-27.1522 -54.2144 -2.95236

-27.7519 -54.5865 -2.97848

-27.7431 -54.5212 -2.44008

-28.0038 -54.4977 -1.39266

-28.2645 -54.4775 -0.55149

-28.26 -54.459 0.254207

-28.264 -54.3512 1.28681

-28.4382 -54.1853 1.03653

-28.0306 -53.6177 0.385013

-27.3136 -52.8025 0.499367

-26.7009 -51.9023 0.552195

-26.2177 -51.013 0.609774

-25.6305 -50.2139 0.491817

-25.0003 -49.3691 0.522749

-24.4233 -48.4392 0.536798

-24.0182 -46.9417 0.607241

-23.6555 -45.6427 0.337457

-23.4905 -45.2292 -0.184791

-23.4447 -45.1911 -0.826158

-23.6736 -45.1745 -1.15886

-24.0768 -45.1228 -1.72157

-24.1757 -45.1613 -2.32019

-24.277 -44.5119 -2.88233

-24.862 -44.3437 3.11704

-25.5809 -44.1801 2.9232

-26.6128 -44.4268 3.02943

-27.6494 -44.7064 2.89349

-28.6827 -44.8969 2.97952

-29.9399 -45.0463 2.80468

-30.9816 -45.1488 2.87894

-32.0175 -45.2568 2.81889

-33.0632 -45.3614 2.88559

-33.174 -45.4595 2.95075

-33.1066 -45.7144 -2.24817

-32.922 -45.8298 -1.18477

-32.9176 -45.8439 -0.553895

-32.4923 -45.8743 -0.101981

-31.5836 -45.7613 -0.0719096

-30.6673 -45.6637 -0.0706861

-29.7593 -45.5226 -0.0127317

-28.8765 -45.3469 0.0255129

-27.9407 -44.9945 0.0368698

-27.7633 -44.9244 0.481703

-27.7868 -44.9247 1.47493

-28.0864 -44.0803 1.55197

-28.4062 -43.1636 1.51887

-28.4259 -43.1486 2.11584

-28.4533 -43.163 2.91335

-29.4136 -43.3193 2.9314

-30.4324 -43.3968 2.8727

-31.2745 -43.5272 2.9349

-31.2782 -43.5382 2.56428

-31.3133 -43.5415 1.90893

-31.3369 -43.5296 1.28966

-31.3415 -43.5051 0.748071

-31.3386 -43.5055 0.152198

-30.5043 -43.356 -0.324764

-29.4712 -43.3189 -0.361058

-28.536 -43.3494 -0.430499

-28.4321 -43.3645 -0.00327837

-28.4357 -43.3471 0.920208

-28.6087 -42.9229 1.55777

-28.9528 -41.9398 1.4531

-29.2703 -40.9236 1.51494

-29.5397 -39.8931 1.35109

-30.1188 -38.4815 1.41318

-30.7871 -36.9693 1.22173

-31.6126 -35.2479 1.33525

-32.1096 -33.9885 1.49182

-32.7949 -32.6632 1.39727

-32.0335 -32.3857 1.48595

-31.0149 -32.8029 1.64004

-33.7106 -35.3139 2.56469

-34.762 -35.5032 2.8559

-35.5444 -35.662 2.82752

-35.5697 -35.7048 -2.81836

-35.6336 -35.6732 -1.82119

-35.7335 -35.6834 -0.893268

-35.7384 -35.7245 -0.173254

-34.7826 -35.2916 -0.0178104

-33.7865 -34.9026 -0.0865192

-33.6832 -34.8904 0.470508

-33.7459 -34.8306 1.3331

-34.0888 -33.8315 1.41704

-34.4796 -32.9042 1.43734

-34.584 -32.8881 2.27636

-34.9999 -33.0044 2.8895

-36.0922 -33.2893 2.947

-37.1645 -33.6229 2.92491

-38.3373 -34.2096 2.9414

-38.8505 -34.5798 2.80888

-39.0279 -34.7783 2.23101

-39.3496 -34.398 1.79669

-39.9757 -33.5791 1.79268

-40.2174 -33.2578 1.76736

-40.0686 -33.2914 1.2061

-39.8571 -33.4392 0.608015

-39.7022 -33.7623 0.108749

-39.8163 -34.0518 -0.530633

-39.9321 -34.1382 -1.09186

-39.2878 -34.7119 -1.16239

-38.4483 -35.4049 -1.06596

-38.0608 -35.7289 -0.365244

-36.582 -34.6647 -0.315778

-35.1033 -33.5271 -0.2406

-35.4139 -32.6511 0.195568

-35.46 -31.6371 0.863896

-35.8794 -30.8061 1.13128

-36.3 -29.4126 1.18925

-36.767 -28.0761 1.26605

-37.26 -26.794 1.35328

-37.8421 -25.625 1.43839

-38.4903 -24.5082 1.49573

-39.0167 -23.3167 1.33094

-39.5344 -22.1246 1.38703

-40.143 -20.9785 1.46389

-40.7812 -19.9128 1.50621

-40.8233 -19.6379 1.79293

-40.9482 -19.8873 2.73836

-42.0491 -20.3229 2.88148

-43.2536 -20.5794 2.73919

-44.424 -20.8534 2.73381

-44.5705 -21.061 -2.82372

-44.427 -21.2527 -1.85614

-44.5508 -21.3326 -0.871752

-44.658 -21.5146 0.0402592

-44.6013 -21.7956 0.715736

-44.522 -22.0638 0.0414506

-44.2518 -22.2526 -0.451589

-43.3033 -22.4159 -0.439039

-42.3471 -22.583 -0.481464

-41.4744 -22.7653 -0.46641

-42.6115 -25.0485 0.269053

-41.141 -25.6407 1.15636

-41.0703 -24.5215 1.09159

-41.0221 -23.3193 1.07947

-40.9587 -22.205 1.2702

-40.9022 -21.1173 1.24843

-40.85 -20.0395 1.31443

-41.0527 -18.9971 1.27881

-41.2377 -17.9402 1.2745

-41.377 -16.9279 1.23215

-41.5169 -15.9438 1.23279

-41.5675 -15.5032 1.37594

-41.5366 -15.4963 2.44861

-41.5413 -15.4593 -3.04345

-41.5634 -15.4708 -2.08432

-41.5124 -15.5054 -1.0303

-41.4509 -15.477 -0.153363

-41.4163 -15.4398 -0.36537

-41.352 -15.4179 -0.917722

-41.2866 -15.4315 -1.52379

-41.1543 -15.8465 -1.74831

-40.9058 -16.791 -1.74678

-40.6112 -17.8286 -1.75082

-40.3456 -18.875 -1.76166

-40.0625 -19.9211 -1.75625

-39.8217 -20.9683 -1.7793

-40.258 -21.013 -1.29211

-40.2195 -20.9669 -0.358626

-39.5918 -20.4885 -0.00133152

-38.5471 -19.8746 -0.093198

-37.4834 -19.3468 -0.0798951

-36.474 -18.7937 -0.110547

-35.4583 -18.3088 -0.112683

-34.4389 -17.7746 -0.120124

-33.524 -17.8326 -0.160093

-32.6084 -17.8931 -0.168336

-31.6917 -17.9881 -0.220676

-30.9905 -18.1336 -0.225014

-30.9108 -18.5468 0.635564

-30.7686 -18.4522 1.56021

-31.028 -17.4815 1.50184

-31.2414 -16.5278 1.46931

-31.372 -15.6179 1.46607

-31.5997 -14.7146 1.52119

-31.8035 -13.8462 1.51676

-31.7588 -13.6333 1.69297

-31.9158 -13.685 2.70286

-31.9876 -14.1004 -2.61528

-31.8436 -14.4921 -1.62936

-32.0193 -14.6982 -0.668932

-32.1839 -14.8979 0.00641087

-32.3131 -15.2189 -0.574668

-32.4571 -15.3849 -1.14261

-32.5012 -15.4216 -1.73766

-32.0408 -16.5355 -1.89853

-31.6276 -17.6761 -1.98493

-31.3468 -18.1386 -1.60398

-30.578 -19.136 -1.55276

-30.0526 -19.8699 -1.66413

-30.0056 -19.8024 -1.65779

-29.3926 -20.9719 -1.90083

-29.0039 -22.2879 -2.08684

-28.7357 -23.1404 -2.14937

-28.6694 -23.1489 -1.55745

-28.8271 -23.3319 -0.521447

-28.9442 -23.6666 0.507836

-28.7309 -23.756 1.50927

-28.8163 -23.7773 2.42287

-29.6477 -24.198 2.70269

-30.9412 -24.679 2.63562

-32.2959 -25.0495 2.60227

-33.6482 -25.5016 2.8407

-34.8082 -26.4081 3.06328

-35.6667 -27.5818 -2.91993

-35.7942 -27.2714 -2.43363

-35.3826 -28.5057 -2.15962

-35.3755 -29.6372 -2.14018

-35.3824 -30.5507 -2.20549

-35.4466 -31.7814 -2.208

-35.5861 -32.8027 -2.27466

-35.7386 -33.942 -2.2538

-35.8643 -34.8156 -2.30483

-32.2968 -37.0085 -1.56983

-32.4082 -37.7091 -1.48704

-32.2116 -38.4165 -1.41304

-31.7322 -39.0643 -1.43129

-30.205 -39.6989 -1.39362

-28.6045 -40.266 -1.40733

-28.5847 -40.5053 -1.77355

-28.4237 -41.3902 -1.71987

-27.7227 -42.344 -1.70212

-27.0212 -43.2576 -1.69513

-26.3096 -44.2418 -1.72655

-25.7483 -45.1356 -1.77738

-24.2189 -44.9202 -1.26548

-22.2135 -45.2826 -1.55207

-21.0388 -46.0243 -1.65718

-19.8015 -46.9497 -1.7351

-18.7322 -47.9559 -1.79214

-17.7033 -49.0067 -1.89478

-16.8438 -50.1289 -1.97562

-16.1466 -51.2628 -2.10349

-15.6416 -52.3667 -2.06753

-15.1901 -52.2412 -1.52028

-13.7527 -52.8533 -1.48628

-12.2705 -53.4939 -1.49327

-10.792 -54.1728 -1.48791

-9.33022 -54.8497 -1.47618

-7.81689 -55.5955 -1.55588

-6.32238 -56.4474 -1.6306

-4.83738 -57.3834 -1.68229

-3.38602 -58.3883 -1.73676

-2.10034 -59.2004 -1.73588

-1.60702 -59.0245 -1.02158

-1.71328 -59.6431 0.0656275

-1.47266 -57.2898 0.154588

-0.981919 -55.3344 -0.00918971

-0.318057 -53.7992 0.00787941

0.529628 -52.2123 -0.0525305

1.45364 -50.88 -0.0920324

2.29683 -49.74 -0.082408

3.24685 -48.4892 0.00117686

4.07999 -46.9026 -0.0696532

5.06574 -45.8895 -0.126648

5.38853 -45.4098 -0.0659124

5.55615 -43.8353 0.251473

5.68586 -41.5695 0.253516

6.11028 -39.5453 0.11578

6.82256 -37.8656 -0.114954

7.81058 -37.0176 -0.189842

8.80323 -36.1984 0.0446668

9.52101 -34.5321 0.103936

10.0928 -32.4054 0.115622

10.872 -30.6953 -0.0333085

11.7432 -29.3205 -0.0364146

12.6622 -28.1454 -0.136741

13.5953 -27.2935 -0.184836

14.5397 -26.6291 -0.285797

15.5279 -25.7828 -0.190991

16.5093 -24.993 -0.213772

17.4685 -23.8079 -0.153333

18.3265 -22.3057 0.0150606

19.0779 -20.5302 -0.0727049

19.9425 -18.959 -0.10951

20.6509 -18.8101 -0.163062

20.7252 -18.9539 0.707094

20.6533 -18.8891 1.62128

20.251 -19.0056 1.68616

19.8541 -19.1187 1.68924

18.9436 -18.7269 1.69379

17.6688 -17.9982 1.70318

16.6234 -17.0428 1.42281

15.6689 -15.9564 1.45651

14.6494 -14.9161 1.46189

13.611 -13.8856 1.47458

12.4411 -12.9392 1.47489

11.198 -12.0383 1.53936

9.93001 -11.1621 1.536

8.56939 -10.324 1.58325

7.18429 -9.51025 1.58214

5.73504 -8.8183 1.61024

4.52214 -8.09873 1.63521

3.1651 -7.45827 1.71279

1.70539 -6.87682 1.74168

0.0541469 -6.36511 1.77595

-1.56678 -5.83916 1.72608

-3.06935 -5.2462 1.71695

-4.41741 -4.60317 1.74981

-5.70139 -3.95277 1.75633

-7.02319 -3.32864 1.79006

-8.23747 -2.70426 1.75814

-9.52052 -2.06938 1.78277

-10.7693 -1.46184 1.75674

-11.3235 -0.710354 1.82945

-12.0079 0.00297664 1.87594

-12.667 0.771152 1.82656

-12.9642 1.28665 1.859

-13.5612 0.307489 2.60652

-15.2027 -0.841562 2.76348

-16.8692 -1.78035 2.44651

-18.4809 -2.24986 2.53659

-20.0711 -2.58315 2.34753

-21.5318 -2.83202 2.42476

-23.099 -3.34329 2.49497

-24.8234 -4.18393 2.56878

-26.6176 -5.39934 2.64589

-28.0528 -6.87889 2.78292

-28.2865 -6.73575 -2.97554

-28.5931 -7.28981 -2.93479

-29.155 -8.75571 -2.93378

-29.7582 -9.9608 -2.8642

-30.1469 -11.7685 -2.7354

-30.6935 -13.0698 -2.91523

-31.2276 -14.4444 -2.85167

-31.8228 -16.0198 -2.88106

-32.4758 -17.0961 -2.92382

-33.186 -17.9119 -2.90867

-33.8582 -18.9483 -2.84646

-34.57 -19.9602 -2.86371

-35.2764 -21.0083 -2.91387

-35.3574 -21.3568 -2.93068

-35.3291 -21.7624 -2.85535

-36.0177 -22.9062 -2.84498

-36.6303 -24.2105 -2.84886

-36.7715 -24.9203 -2.86429

-36.095 -25.9651 -2.02964

-33.9296 -26.1501 -1.52012

-31.3226 -26.9077 -1.56385

-30.5916 -27.8782 -1.65333

-29.8851 -28.9593 -1.71538

-29.1968 -30.0712 -1.71791

-28.5232 -31.2044 -1.76941

-28.2604 -31.5029 -1.99147

-28.0968 -31.6708 -2.62533

-28.1401 -31.8322 3.07341

-28.9192 -32.2516 2.82607

-30.0731 -33.0575 2.90985

-31.3472 -33.8172 2.87138

-31.3134 -34.0368 -2.79909

-31.3013 -34.2495 -1.80841

-31.2063 -34.2525 -0.846

-31.2476 -34.3562 0.0986403

-31.0722 -34.4882 1.06679

-30.6295 -34.5861 0.96186

-30.2727 -34.7747 0.59035

-30.1919 -34.9524 0.0521552

-29.5133 -34.4348 -0.246949

-28.3319 -33.5904 -0.219973

-27.1943 -32.7203 -0.131653

-26.1168 -31.8813 -0.221562

-25.0694 -31.095 -0.180578

-24.3729 -30.5441 -0.245886

-24.3799 -30.4444 0.48301

-24.8867 -30.492 1.50244

-25.0361 -30.7418 2.46735

-25.0456 -30.5053 -2.77048

-24.6115 -30.6744 -1.79762

-23.1512 -31.5982 -1.86353

-21.6768 -32.677 -1.84631

-20.4559 -33.4385 -1.95446

-20.3847 -33.4933 -2.51726

-20.3631 -33.5054 -3.11348

-20.924 -33.8865 2.9052

-21.9644 -34.7616 3.02746

-22.9428 -35.6234 2.97136

-22.9658 -35.6317 -2.87914

-22.9375 -35.6633 -2.20632

-22.8556 -35.6714 -2.03595

-22.7822 -35.6974 -2.57492

-23.0456 -36.9312 -2.70237

-23.3171 -38.0951 -2.77144

-23.32 -38.0775 2.99982

-24.277 -38.8765 2.96485

-25.3113 -39.752 2.98058

-25.362 -40.0282 -2.90687

-25.0444 -40.0958 -2.11435

-24.0578 -41.3865 -2.07367

-23.1291 -42.6098 -2.01567

-22.8442 -42.5863 -2.51053

-22.6973 -43.9798 -2.63828

-22.4733 -44.6545 -2.36347

-22.3501 -44.5295 -1.34119

-22.3292 -44.6222 -0.38316

-22.6459 -44.2077 0.635204

-23.5489 -42.8043 0.880273

-24.4583 -41.3409 0.878762

-25.3962 -39.9308 0.873337

-25.4599 -39.7667 0.782096

-25.4896 -39.7529 0.176094

-24.8144 -38.6205 0.00435665

-23.9905 -37.3625 -0.00674248

-23.1993 -36.2223 -0.067167

-23.1665 -36.1512 -0.460141

-23.088 -36.0689 -1.03562

-23.0188 -36.05 -1.59293

-22.4827 -36.6915 -1.80017

-21.5953 -37.8691 -1.85095

-20.6026 -38.9582 -1.93622

-20.3189 -38.9744 -1.55668

-19.4414 -38.9486 -1.27689

-19.0879 -38.8342 -1.6536

-17.8887 -39.7662 -1.67903

-16.6649 -40.7492 -1.69951

-15.4994 -41.7527 -1.71136

-14.5505 -42.527 -1.73128

-14.1867 -42.3345 -1.46729

-12.7413 -42.8972 -1.45505

-11.3905 -43.6837 -1.55472

-10.1395 -44.4792 -1.60133

-9.19501 -45.4065 -1.70052

-7.93528 -46.0719 -1.35238

-6.48094 -46.6459 -1.44746

-5.12641 -47.297 -1.43094

-3.81051 -47.8776 -1.44838

-2.37622 -48.5208 -1.41424

-1.86368 -48.4778 -1.54467

-1.66767 -48.4981 -2.15736

-1.68642 -48.4798 -2.59332

-2.1726 -49.5791 -2.66068

-2.41481 -49.8868 -2.78391

-2.44814 -49.4987 2.93997

-3.51481 -49.7748 2.95237

-4.53395 -50.1687 3.04491

-5.64743 -50.6863 3.05223

-5.86985 -50.4764 -2.90226

-5.67257 -50.0509 -1.87117

-5.38216 -49.9947 -0.908217

-5.29819 -49.5528 0.0823157

-4.6692 -48.2783 0.0907838

-3.40868 -46.8604 -0.349344

-2.17477 -45.7893 -0.372479

-0.995029 -44.8268 -0.414135

-0.448397 -44.1624 -0.514132

-0.237329 -43.7343 -1.07624

-0.0461771 -43.7605 -1.64433

0.653784 -44.2494 -1.83252

1.70896 -45.4064 -1.85297

2.52343 -46.3653 -1.93059

2.73348 -46.3736 -2.41821

2.97195 -46.5002 -2.97519

2.34126 -47.2734 2.93577

1.351 -48.4086 3.01977

0.405972 -49.5348 2.98379

-0.563504 -50.6326 2.95254

-1.55825 -51.701 2.96618

-2.46903 -52.8579 3.03164

-3.12871 -54.3927 3.03344

-2.98849 -55.2614 -2.77201

-0.111026 -56.2496 -1.82803

-0.424132 -56.5329 -0.846387

-0.349277 -56.6241 0.183195

-0.38594 -56.5646 1.17339

-1.38149 -56.4637 1.70647

-3.02282 -56.0381 1.65105

-4.58632 -55.5507 1.65533

-6.12112 -55.1825 1.75931

-7.71037 -54.7536 1.62306

-10.3373 -55.0721 1.58211

-12.59 -55.0244 1.47812

-13.4875 -54.2488 1.39539

-14.4374 -53.5008 1.43859

-15.7018 -52.8631 1.39964

-17.0921 -52.2675 1.42415

-17.6684 -51.2568 1.40335

-17.1019 -50.8724 1.89676

-17.9538 -49.698 2.84134

-18.884 -48.7628 -2.53084

-18.5099 -48.7791 -1.70365

-17.1553 -49.4962 -1.69955

-15.6779 -50.24 -1.67523

-14.2671 -50.9523 -1.75013

-12.8942 -51.7862 -1.75684

-11.5509 -52.6775 -1.84817

-10.3797 -53.6894 -1.90744

-9.0269 -54.7393 -1.93447

-7.74384 -55.8169 -1.91845

-6.47599 -56.9181 -1.95229

-5.23466 -58.0143 -1.91152

-4.48695 -58.4325 -1.90838

-4.08675 -58.3192 -1.04643

-4.09126 -57.6911 -0.304323

-3.0498 -56.2457 -0.267209

-2.07732 -54.745 -0.183494

-1.13362 -53.2498 -0.2015

-0.233455 -51.7404 -0.118534

0.661915 -50.1887 -0.138607

1.51902 -48.6861 -0.102625

2.69899 -48.2545 -0.0714369

3.35046 -48.3052 -0.054933

3.584 -48.737 0.896136

2.88352 -48.8402 1.71998

1.25472 -48.3615 1.59648

-0.266093 -47.8126 1.64409

-1.89571 -47.2503 1.70035

-3.56184 -46.756 1.53047

-5.03557 -45.9935 1.54197

-6.59308 -45.3103 1.79848

-8.27344 -44.8959 1.57947

-9.86 -44.2408 1.64321

-11.4851 -43.6857 1.69213

-13.1739 -43.2257 1.70703

-14.8383 -42.8614 1.6063

-16.2431 -42.0631 1.44523

-17.6043 -41.3005 1.46156

-19.0651 -40.5653 1.50683

-20.4581 -39.6548 1.40168

-21.9307 -38.7829 1.44609

-23.4506 -37.9704 1.42427

-25.0094 -37.2112 1.42259

-26.4834 -36.2048 1.33931

-27.9568 -35.2147 1.38248

-29.4254 -34.3006 1.45211

-31.0913 -33.1846 1.23005

-32.5347 -32.1353 1.29256

-33.8935 -31.3446 1.5186

-35.292 -30.5409 1.50843

-36.3545 -29.6977 1.45776

-37.4738 -28.7051 1.48836

-38.54 -27.8786 1.5791

-38.5359 -27.8801 1.12635

-38.5399 -27.8484 0.52904

-38.5286 -27.8228 -0.0305874

-37.564 -26.8987 -0.213495

-36.5033 -25.9281 -0.199731

-36.3238 -25.7617 -0.216462

-36.3238 -25.7617 -0.217124

